  -0.0092668206
   0.0029413135
   0.0040830765
   0.0009130304
   0.0018081969
  -0.0110232741
  -0.0126957281
  -0.0007168215
  -0.0013743169
  -0.0028340686
  -0.0026629466
  -0.0137427829
  -0.0136659824
  -0.0030386479
  -0.0086736693
   0.0112693047
  -0.0035040452
  -0.0095884221
  -0.0141915792
  -0.0242907464
  -0.0316299658
  -0.0339661436
  -0.0266114154
  -0.0473244076
  -0.0448703776
  -0.0455031097
  -0.0556275819
  -0.0417081583
  -0.0283407580
  -0.0489016667
  -0.0460399443
  -0.0208698692
  -0.0336857807
  -0.0355420998
  -0.0257985056
  -0.0140229830
  -0.0034638436
  -0.0116898048
  -0.0027173244
  -0.0115475905
  -0.0137878977
  -0.0130354872
  -0.0028138813
  -0.0007755509
  -0.0026038630
  -0.0018948168
  -0.0134125106
   0.0164260213
   0.0151075754
   0.0210162326
   0.0220065674
   0.0217760854
   0.0213780363
   0.0208684649
   0.0216932032
   0.0214114353
   0.0209838872
   0.0155111616
   0.0139890241
   0.0132617473
   0.0095382062
   0.0222238995
   0.0192801952
   0.0191146875
   0.0174927240
   0.0214055043
   0.0188471316
   0.0188308741
   0.0174245674
   0.0122713816
   0.0092548327
   0.0073771406
   0.0052345075
  -0.0090415529
   0.0156287368
   0.0122335040
   0.0056585383
  -0.0109133590
   0.0151135716
   0.0120813993
   0.0055199398
  -0.0114176398
   0.0063265702
   0.0048409601
  -0.0101343700
   0.0068234942
  -0.0026674752
   0.0130264938
   0.0170853532
  -0.0051743414
   0.0079314716
   0.0130745619
   0.0165964117
  -0.0050625451
   0.0080629835
   0.0070092880
  -0.0024008937
   0.0114553561
   0.0124406600
   0.0178416781
   0.0192067976
   0.0193241710
   0.0178162132
   0.0179363170
   0.0190774386
   0.0188950610
   0.0187366657
   0.0115454448
   0.0116770506
  -0.0077581474
   0.0009421975
   0.0017505810
   0.0097109264
  -0.0007340903
  -0.0000835389
  -0.0092800844
  -0.0100864049
  -0.0015528358
  -0.0023141159
   0.0067675411
   0.0061857578
  -0.0032096276
  -0.0034072949
  -0.0111082283
  -0.0126028973
  -0.0047432483
  -0.0096032178
  -0.0167134175
   0.0045708303
  -0.0183526781
  -0.0052250083
  -0.0105685708
  -0.0132190743
  -0.0199685788
  -0.0243776901
  -0.0257541102
  -0.0217595541
  -0.0340786040
  -0.0326324944
  -0.0206215463
  -0.0376641216
  -0.0404225053
  -0.0286516207
  -0.0212576703
  -0.0382152957
  -0.0408794128
  -0.0288680155
  -0.0231649053
  -0.0353875248
  -0.0336019234
  -0.0258290771
  -0.0268803286
  -0.0209879981
  -0.0129359631
  -0.0052253294
  -0.0118717320
  -0.0129340961
  -0.0047530717
  -0.0119353156
  -0.0128520233
  -0.0103843353
  -0.0034432930
  -0.0016381237
  -0.0034394873
  -0.0025162050
  -0.0108121941
   0.0115369317
   0.0119596162
   0.0160152770
   0.0168007962
   0.0169778915
   0.0163179815
   0.0193667390
   0.0181868380
   0.0184473470
   0.0182656991
   0.0185394672
   0.0158111207
   0.0163872612
   0.0164903999
   0.0157475172
   0.0106612302
   0.0109472710
   0.0087547755
   0.0082805902
   0.0148150565
   0.0144902874
   0.0135662553
   0.0121880886
   0.0192359466
   0.0164690485
   0.0159926252
   0.0152448815
   0.0149028033
   0.0140917017
   0.0140138475
   0.0132736908
   0.0123476741
   0.0076122098
   0.0075634606
   0.0036086319
  -0.0012446596
   0.0127343334
   0.0094871153
   0.0059952799
  -0.0013733494
  -0.0174709289
   0.0158679371
   0.0113809324
   0.0082806641
   0.0027444009
  -0.0086030599
   0.0114294545
   0.0090882085
   0.0057672856
  -0.0017086069
  -0.0185972354
   0.0030259495
  -0.0017815068
   0.0029654812
  -0.0030727825
   0.0085872255
   0.0114448956
  -0.0047042317
   0.0043983349
   0.0105007720
   0.0139035174
  -0.0145640149
   0.0000453377
   0.0069327862
   0.0086170731
   0.0109970302
  -0.0045724783
   0.0045350417
   0.0030990214
  -0.0028644689
   0.0074630212
   0.0087492057
   0.0130065186
   0.0142259282
   0.0146201194
   0.0118097317
   0.0149754002
   0.0158167893
   0.0162827534
   0.0177406120
   0.0155138086
   0.0131298596
   0.0140602417
   0.0141243011
   0.0127233917
   0.0074892576
   0.0081743463
  -0.0061179155
   0.0002920062
   0.0008804379
   0.0083687903
   0.0078877777
   0.0070038217
   0.0062510237
  -0.0010996201
  -0.0006352680
  -0.0074387945
  -0.0078506961
  -0.0014565276
  -0.0022785568
   0.0035510305
   0.0051485033
   0.0029837819
  -0.0028110128
  -0.0032445299
  -0.0088342307
  -0.0109971509
  -0.0050406138
  -0.0092052700
  -0.0148584356
   0.0015307459
  -0.0163618626
  -0.0055676354
  -0.0101285871
  -0.0116540069
  -0.0164546086
  -0.0192699751
  -0.0201467040
  -0.0178357618
  -0.0255905700
  -0.0246952094
  -0.0169238941
  -0.0284733056
  -0.0304076522
  -0.0223868218
  -0.0261538918
  -0.0326728206
  -0.0299784504
  -0.0181906676
  -0.0176965960
  -0.0291510648
  -0.0309622857
  -0.0226591161
  -0.0189568733
  -0.0266348028
  -0.0254731633
  -0.0203421798
  -0.0209856950
  -0.0171834389
  -0.0112982650
  -0.0055565270
  -0.0109318961
   0.0016686176
  -0.0124154126
   0.0020741789
  -0.0125189258
  -0.0052937681
  -0.0110876035
  -0.0113289281
  -0.0081079190
  -0.0031982071
  -0.0015630719
   0.0037652090
   0.0063316264
   0.0040084166
   0.0052723336
  -0.0033196027
  -0.0022973939
  -0.0085730932
   0.0095834875
   0.0099480742
   0.0137934149
   0.0140702100
   0.0143107098
   0.0140507651
   0.0141025647
   0.0155017004
   0.0154815257
   0.0154633354
   0.0155822966
   0.0136726265
   0.0137404941
   0.0139115835
   0.0135863622
   0.0088072846
   0.0090500310
   0.0073271857
   0.0066927949
   0.0132685029
   0.0122963885
   0.0116696428
   0.0106156332
   0.0145668096
   0.0135377136
   0.0129410028
   0.0123280875
   0.0134680804
   0.0125077337
   0.0118198129
   0.0113416929
   0.0104883048
   0.0063155359
   0.0060624328
   0.0022636165
  -0.0025503839
   0.0089621604
   0.0061545645
   0.0019952367
  -0.0061086539
   0.0108983818
   0.0078345003
   0.0043504260
  -0.0018181696
  -0.0142114686
   0.0083381752
   0.0058718206
   0.0017499211
  -0.0065605678
   0.0016871487
  -0.0031080297
   0.0016192931
  -0.0042985685
   0.0066267220
   0.0094373948
  -0.0041168452
   0.0029519307
   0.0082878286
   0.0115904288
  -0.0115029910
  -0.0005475055
   0.0050333404
   0.0066173232
   0.0090575212
  -0.0040248225
   0.0030367295
   0.0016925637
  -0.0041596448
   0.0059715764
   0.0072812689
   0.0107070592
   0.0117322054
   0.0123540145
   0.0138071920
   0.0098168702
   0.0123921611
   0.0130515599
   0.0136405106
   0.0149224598
   0.0129510975
   0.0108170346
   0.0116004903
   0.0119706929
   0.0127937690
   0.0105415133
   0.0059788532
   0.0067498319
  -0.0047986881
   0.0000663583
   0.0005069788
   0.0059812676
   0.0069760533
   0.0056452029
   0.0105354450
   0.0048605288
   0.0056547886
   0.0042950682
  -0.0011027984
  -0.0007673347
  -0.0059553157
  -0.0061950219
  -0.0012198140
  -0.0020667269
   0.0046690411
   0.0040452881
   0.0018254088
   0.0093000448
   0.0034203817
   0.0030646861
   0.0012596111
  -0.0023649428
  -0.0029397519
  -0.0071313498
  -0.0094661654
  -0.0048807191
  -0.0084285303
  -0.0001908240
  -0.0044936922
  -0.0128473841
   0.0000116376
  -0.0006989554
  -0.0050893803
  -0.0054390295
  -0.0092807779
  -0.0101277155
  -0.0136856778
  -0.0156006899
  -0.0161944262
  -0.0147782299
  -0.0199273642
  -0.0193453391
  -0.0174867108
  -0.0231978744
  -0.0229266370
  -0.0167999453
  -0.0229802887
  -0.0259665221
  -0.0226813575
  -0.0232318394
  -0.0261819938
  -0.0228303676
  -0.0181959421
  -0.0238287058
  -0.0234221291
  -0.0170308028
  -0.0156822128
  -0.0207626916
  -0.0199736570
  -0.0164245246
  -0.0168434536
  -0.0142403385
  -0.0097324073
  -0.0053948310
  -0.0097621197
  -0.0001256160
  -0.0112166854
  -0.0036192547
   0.0000989393
  -0.0114208561
  -0.0033654971
  -0.0052859375
  -0.0099623720
  -0.0098445191
  -0.0064157110
  -0.0028333817
  -0.0013385078
   0.0020405104
   0.0039782258
   0.0044457870
   0.0104535842
   0.0094726852
   0.0021465517
   0.0035984167
   0.0035695894
  -0.0030351160
  -0.0019805863
  -0.0069031685
   0.0077384053
   0.0113157550
   0.0115452888
   0.0112910627
   0.0133224751
   0.0131441993
   0.0131629482
   0.0132094700
   0.0142193487
   0.0132420531
   0.0130158653
   0.0130132032
   0.0130388160
   0.0140180052
   0.0109359917
   0.0110963878
   0.0107622247
   0.0047987043
   0.0103629242
   0.0097190851
   0.0090778508
   0.0079940350
   0.0133156301
   0.0117314984
   0.0110629793
   0.0104359596
   0.0101371149
   0.0130274902
   0.0115440727
   0.0109266832
   0.0103508420
   0.0101661068
   0.0091813578
   0.0087014327
   0.0078120579
   0.0062552805
   0.0038915055
   0.0001304416
  -0.0067995331
   0.0074724552
   0.0047762664
   0.0010299275
  -0.0054064567
   0.0072936784
   0.0046689313
   0.0009235148
  -0.0055825889
   0.0055915843
   0.0035402765
  -0.0001920045
  -0.0073501570
  -0.0042540015
   0.0042852135
  -0.0052078454
   0.0009390389
   0.0064523780
   0.0094105539
  -0.0090974068
  -0.0009784857
   0.0035462825
   0.0064306959
   0.0092471101
  -0.0090746541
  -0.0009491409
   0.0035652359
   0.0042542936
  -0.0051389716
   0.0010009815
  -0.0000752170
   0.0080968251
   0.0091296865
   0.0097612058
   0.0101809634
   0.0107975861
   0.0114307001
   0.0125080492
   0.0103244251
   0.0102344581
   0.0107644621
   0.0113250187
   0.0122739441
   0.0105999105
   0.0081896724
   0.0089690226
   0.0093293046
