#! FIELDS phi psi file.free der_phi der_psi
#! SET min_phi -pi
#! SET max_phi pi
#! SET nbins_phi  14
#! SET periodic_phi true
#! SET min_psi -pi
#! SET max_psi pi
#! SET nbins_psi  8
#! SET periodic_psi true
   -3.141592654   -3.141592654   50.702069223   -6.162771245  -12.354444563
   -2.692793703   -3.141592654   60.571959922    1.666141370   -7.189441763
   -2.243994753   -3.141592654   72.359062029   13.451370287   -4.258667812
   -1.795195802   -3.141592654   65.965985523    2.399631800   -3.516118662
   -1.346396852   -3.141592654   33.512789269   26.888063574   -6.103954173
   -0.897597901   -3.141592654   32.757037477   29.131907351  -13.033830091
   -0.448798951   -3.141592654   31.717508330   24.803535114  -19.248608270
    0.000000000   -3.141592654   72.236925081   42.392865541  -13.874161968
    0.448798951   -3.141592654   87.835503074   26.258582699  -17.247955111
    0.897597901   -3.141592654   93.270160187   -3.667338081  -18.471323031
    1.346396852   -3.141592654   88.058168689  -18.771893448  -17.998320565
    1.795195802   -3.141592654   73.462279823  -35.241948750  -16.366896272
    2.243994753   -3.141592654   20.806393993  -20.851354270  -25.663569703
    2.692793703   -3.141592654   43.359207608   -7.179109629  -19.784771862

   -3.141592654   -2.356194490   42.383846871    2.281273337   -8.349486580
   -2.692793703   -2.356194490   56.454677494    7.181132405   -4.012553302
   -2.243994753   -2.356194490   70.110426125   15.627595744   -1.411220983
   -1.795195802   -2.356194490   64.217676790   -3.862766390   -1.160210897
   -1.346396852   -2.356194490   30.673237273   16.910571245   -1.208737443
   -0.897597901   -2.356194490   23.973061540   17.675038446   -8.989114455
   -0.448798951   -2.356194490   16.547506064   13.381954740  -18.172850514
    0.000000000   -2.356194490   60.593209556   37.338316933  -16.321257591
    0.448798951   -2.356194490   74.176255388   23.794260082  -17.627140763
    0.897597901   -2.356194490   79.604693419   -1.831702329  -16.047490027
    1.346396852   -2.356194490   75.840626833  -14.244807910  -12.531681358
    1.795195802   -2.356194490   63.491538008  -28.529564030   -8.111719725
    2.243994753   -2.356194490    4.410965297   -8.166905553  -14.496440733
    2.692793703   -2.356194490   30.048005772    3.410045534  -12.946151794

   -3.141592654   -1.570796327   38.930175926    4.538338512   -1.050667009
   -2.692793703   -1.570796327   55.016966768    6.222215601    0.547100968
   -2.243994753   -1.570796327   71.001299503   13.170587898    2.574796896
   -1.795195802   -1.570796327   64.810373831  -12.604661509    2.457928155
   -1.346396852   -1.570796327   32.805363220    4.014066617    4.725108750
   -0.897597901   -1.570796327   19.946156255    5.349662826   -1.634131666
   -0.448798951   -1.570796327    5.138054763    4.163361580   -9.814678828
    0.000000000   -1.570796327   47.614169431   36.273628413  -12.768103179
    0.448798951   -1.570796327   61.202625116   26.238494389  -12.115311056
    0.897597901   -1.570796327   69.093668269    6.251899608   -8.619744788
    1.346396852   -1.570796327   69.424172355   -4.243712275   -3.455977368
    1.795195802   -1.570796327   61.795612431  -17.833732671    2.276063910
    2.243994753   -1.570796327    0.000000000    3.157590302    0.703618202
    2.692793703   -1.570796327   24.555834048    9.350743896   -1.966342806

   -3.141592654   -0.785398163   53.006002208    4.808573040    2.772417563
   -2.692793703   -0.785398163   69.415315713    2.859604823    1.822205592
   -2.243994753   -0.785398163   85.911964924    7.584571394    1.876236655
   -1.795195802   -0.785398163   80.510473440  -22.147426272    1.812810985
   -1.346396852   -0.785398163   53.597952091  -11.781020302    3.716580864
   -0.897597901   -0.785398163   35.182910795   -9.260812909    2.159418873
   -0.448798951   -0.785398163   13.083097364   -5.708766449   -0.754420568
    0.000000000   -0.785398163   48.512253164   32.179775045   -4.331741472
    0.448798951   -0.785398163   61.166520777   27.737025640   -2.163733834
    0.897597901   -0.785398163   71.844195621   16.316902257    1.063469503
    1.346396852   -0.785398163   77.532472362    9.101215244    4.429624860
    1.795195802   -0.785398163   76.750904154   -2.846268635    7.505446683
    2.243994753   -0.785398163   19.038323517   14.980346190    9.395942759
    2.692793703   -0.785398163   38.826646020   13.746211678    5.249876670

   -3.141592654    0.000000000   44.035276951   -4.772090049  -11.526832500
   -2.692793703    0.000000000   58.490945458   -3.393831386  -14.662142087
   -2.243994753    0.000000000   74.455036007    5.392367052  -15.975697512
   -1.795195802    0.000000000   68.303374006  -18.978489425  -17.339790300
   -1.346396852    0.000000000   39.510633858   -3.309781081  -20.280663021
   -0.897597901    0.000000000   24.197664180    2.055133525  -13.924335953
   -0.448798951    0.000000000    5.087172316    6.970513852   -7.362942756
    0.000000000    0.000000000   41.842268321   42.783556740   -4.828818649
    0.448798951    0.000000000   58.714631427   35.260493319    0.637256991
    0.897597901    0.000000000   71.490514174   17.981263289    2.324359530
    1.346396852    0.000000000   76.911126297    6.359964066    0.414789722
    1.795195802    0.000000000   74.088723890  -10.348771277   -4.225209439
    2.243994753    0.000000000   15.444252042    2.843607567   -4.474999491
    2.692793703    0.000000000   33.362971709    2.877747887   -6.248005984

   -3.141592654    0.785398163   37.415784753  -14.048813144   -2.045534609
   -2.692793703    0.785398163   49.153455904   -8.223433426   -5.970673262
   -2.243994753    0.785398163   63.728428673    4.872835235   -8.444714647
   -1.795195802    0.785398163   56.496123310  -11.710744651   -9.486918706
   -1.346396852    0.785398163   25.467942018   10.541932899  -11.306449291
   -0.897597901    0.785398163   15.990705694   17.830228857   -3.050111956
   -0.448798951    0.785398163    3.269849378   22.301449123    6.167170653
    0.000000000    0.785398163   42.042938262   52.522040060    7.463205252
    0.448798951    0.785398163   62.495287515   40.304715848   10.954329561
    0.897597901    0.785398163   75.678596003   15.200414034   10.482216602
    1.346396852    0.785398163   78.750519173   -1.162589291    6.872000551
    1.795195802    0.785398163   71.567885010  -22.233559092    1.157344494
    2.243994753    0.785398163   13.691190105  -13.011091165    4.539339557
    2.692793703    0.785398163   30.775873398   -9.262329957    3.216574814

   -3.141592654    1.570796327   44.325394559  -24.940236095    7.578502923
   -2.692793703    1.570796327   51.305870089  -13.998452646    4.445389357
   -2.243994753    1.570796327   62.533048738    3.390787426    1.752222564
   -1.795195802    1.570796327   54.691758912   -1.361824217    1.504797512
   -1.346396852    1.570796327   24.099187630   26.998398633    1.284311648
   -0.897597901    1.570796327   22.786085140   36.289513392    8.617561147
   -0.448798951    1.570796327   19.466138345   39.956924771   17.133275811
    0.000000000    1.570796327   56.761085431   59.962325758   16.893554819
    0.448798951    1.570796327   79.918578101   43.129656405   17.157818886
    0.897597901    1.570796327   92.561018664   10.651541552   14.579739555
    1.346396852    1.570796327   92.513403088  -10.338295451   10.431405452
    1.795195802    1.570796327   80.639264281  -35.046304423    5.586328189
    2.243994753    1.570796327   29.781358388  -32.213226705   11.051034801
    2.692793703    1.570796327   43.596835904  -24.357353508   10.853328745

   -3.141592654    2.356194490   60.216371977  -21.016467139    4.127442919
   -2.692793703    2.356194490   65.711503945   -9.277333535    5.778923857
   -2.243994753    2.356194490   74.881496801    6.801726583    5.854034513
   -1.795195802    2.356194490   67.464919501    5.653132247    6.494133121
   -1.346396852    2.356194490   38.101248978   33.798465433    5.519925800
   -0.897597901    2.356194490   42.122832071   40.062578761    6.283146494
   -0.448798951    2.356194490   44.367154003   39.838362089    7.720298131
    0.000000000    2.356194490   79.781113800   52.440230984    9.741270456
    0.448798951    2.356194490   99.740929222   34.420447147    5.574784583
    0.897597901    2.356194490  107.956338203    1.147555012    1.301805517
    1.346396852    2.356194490  104.046123513  -17.886904526   -1.796605414
    1.795195802    2.356194490   89.360020520  -39.464604031   -3.611822072
    2.243994753    2.356194490   44.777571840  -35.008655012   -4.305428229
    2.692793703    2.356194490   60.210791824  -22.779864002    0.613188902
