#! FIELDS phi psi file.free der_phi der_psi
#! SET min_phi -pi
#! SET max_phi pi
#! SET nbins_phi  14
#! SET periodic_phi true
#! SET min_psi -pi
#! SET max_psi pi
#! SET nbins_psi  8
#! SET periodic_psi true
   -3.141592654   -3.141592654   67.591319412    7.851393735  -14.171279818
   -2.692793703   -3.141592654   82.851873815   11.612973719   -8.252048368
   -2.243994753   -3.141592654   98.198449658   19.186728262   -4.818887296
   -1.795195802   -3.141592654   91.646908559   -3.691934471   -4.058380763
   -1.346396852   -3.141592654   55.520386982   16.691666249   -7.136879664
   -0.897597901   -3.141592654   49.264258065   14.893813886  -14.808946012
   -0.448798951   -3.141592654   41.671552007    8.217275344  -21.912847982
    0.000000000   -3.141592654   87.686373862   33.850517692  -15.844473817
    0.448798951   -3.141592654  100.278161442   20.141486777  -19.607585969
    0.897597901   -3.141592654  103.803265842   -5.838261702  -21.106316037
    1.346396852   -3.141592654   98.653673953  -16.330393254  -20.640154140
    1.795195802   -3.141592654   85.418399869  -28.601627358  -18.838296441
    2.243994753   -3.141592654   23.428869903   -4.291954211  -29.405992748
    2.692793703   -3.141592654   53.240650760    9.683929577  -22.573729955

   -3.141592654   -2.356194490   58.120127003   17.531944341   -9.226094899
   -2.692793703   -2.356194490   78.059482428   18.014166730   -4.529472767
   -2.243994753   -2.356194490   95.593812819   21.880730477   -1.685131370
   -1.795195802   -2.356194490   89.559027397  -10.445272191   -1.398313442
   -1.346396852   -2.356194490   52.033538867    5.853484333   -1.664798804
   -0.897597901   -2.356194490   39.366343805    2.223344610   -9.780336512
   -0.448798951   -2.356194490   24.824734360   -4.634579247  -19.376844153
    0.000000000   -2.356194490   74.800050378   28.032185059  -17.243388446
    0.448798951   -2.356194490   85.132306782   17.128825304  -18.708314243
    0.897597901   -2.356194490   88.475612421   -4.216453253  -17.265654769
    1.346396852   -2.356194490   84.767565655  -11.617143888  -13.763795843
    1.795195802   -2.356194490   73.888062287  -21.332192787   -9.267007134
    2.243994753   -2.356194490    4.667881945    9.802035023  -16.236282856
    2.692793703   -2.356194490   38.161622786   21.744319650  -14.280664734

   -3.141592654   -1.570796327   54.504121108   19.944026873   -0.717380242
   -2.692793703   -1.570796327   76.521730452   17.175516679    0.733524780
   -2.243994753   -1.570796327   96.430126171   19.503252228    2.670056006
   -1.795195802   -1.570796327   90.132341128  -19.193786381    2.604053437
   -1.346396852   -1.570796327   54.124923159   -7.108905739    4.998733854
   -0.897597901   -1.570796327   35.260315008  -10.208232142   -1.178560117
   -0.448798951   -1.570796327   13.279325865  -13.998784098   -9.162187199
    0.000000000   -1.570796327   61.680995332   26.856330553  -12.357378459
    0.448798951   -1.570796327   72.017583398   19.494980901  -11.567843801
    0.897597901   -1.570796327   77.793821580    3.816323319   -8.029889940
    1.346396852   -1.570796327   78.166747205   -1.624186867   -2.886080035
    1.795195802   -1.570796327   72.012986704  -10.599270353    2.802589122
    2.243994753   -1.570796327    0.000000000   21.243690689    1.532196023
    2.692793703   -1.570796327   32.433742516   27.851628327   -1.432331341

   -3.141592654   -0.785398163   70.460125820   18.141763018    3.639461293
   -2.692793703   -0.785398163   92.006272604   12.354309861    2.321715305
   -2.243994753   -0.785398163  111.908257266   13.093813476    2.136994936
   -1.795195802   -0.785398163  106.464743987  -27.744789811    2.112547981
   -1.346396852   -0.785398163   76.116193970  -21.342486141    4.284201163
   -0.897597901   -0.785398163   52.534954062  -22.653976495    3.121886162
   -0.448798951   -0.785398163   24.242337376  -21.378791029    0.657083623
    0.000000000   -0.785398163   64.690801113   23.986912075   -3.356431242
    0.448798951   -0.785398163   74.601895149   21.886659417   -0.935847194
    0.897597901   -0.785398163   83.437472382   14.171649986    2.415592439
    1.346396852   -0.785398163   89.142445218   11.318862446    5.766203752
    1.795195802   -0.785398163   89.631761064    3.359080233    8.756641720
    2.243994753   -0.785398163   23.139345072   30.523080710   11.320625006
    2.692793703   -0.785398163   49.626040617   29.729543555    6.600804282

   -3.141592654    0.000000000   60.710529934    9.400998634  -12.324318058
   -2.692793703    0.000000000   80.627106671    6.700811596  -15.122315096
   -2.243994753    0.000000000  100.212984492   11.268138879  -16.214990668
   -1.795195802    0.000000000   94.026725835  -24.928143574  -17.608157712
   -1.346396852    0.000000000   61.586419118  -13.460060362  -20.790151318
   -0.897597901    0.000000000   40.788041547  -12.168056899  -14.791094105
   -0.448798951    0.000000000   15.076506337   -9.693291060   -8.667905502
    0.000000000    0.000000000   57.191872890   34.085145500   -5.729913871
    0.448798951    0.000000000   71.134748748   29.037708549   -0.478118046
    0.897597901    0.000000000   81.949841138   15.693249148    1.093075922
    1.346396852    0.000000000   87.384374165    8.708335447   -0.805149736
    1.795195802    0.000000000   85.937826349   -3.775110865   -5.332279579
    2.243994753    0.000000000   17.911197523   19.363648052   -6.215008804
    2.692793703    0.000000000   42.965126682   19.863828437   -7.488425581

   -3.141592654    0.785398163   53.740205914    0.529148093   -1.995696554
   -2.692793703    0.785398163   71.091715432    2.147759197   -5.932136104
   -2.243994753    0.785398163   89.386467341   10.922440212   -8.420231688
   -1.795195802    0.785398163   82.077208419  -17.895383059   -9.523428821
   -1.346396852    0.785398163   47.276097178    0.050956949  -11.370459970
   -0.897597901    0.785398163   32.132290010    3.144464470   -3.144203518
   -0.448798951    0.785398163   12.571435688    5.096326466    6.044587726
    0.000000000    0.785398163   56.959724002   43.591987378    7.446366085
    0.448798951    0.785398163   74.364492913   33.914814760   10.892757335
    0.897597901    0.785398163   85.540111625   12.876098481   10.437075275
    1.346396852    0.785398163   88.642002277    1.291659389    6.850389944
    1.795195802    0.785398163   82.925617200  -15.452346864    1.163106718
    2.243994753    0.785398163   15.332186906    4.053878011    4.507761143
    2.692793703    0.785398163   39.820421197    8.231632431    3.268352599

   -3.141592654    1.570796327   61.461010492  -11.202956215    8.298743452
   -2.692793703    1.570796327   73.726738924   -4.243947738    4.874615904
   -2.243994753    1.570796327   88.446952944    9.038991924    1.980030214
   -1.795195802    1.570796327   80.465605734   -7.286957503    1.672085697
   -1.346396852    1.570796327   46.281381023   17.024713672    1.609335570
   -0.897597901    1.570796327   39.586610431   22.355305684    9.191725623
   -0.448798951    1.570796327   29.823288353   23.696120536   18.060501108
    0.000000000    1.570796327   72.478221064   51.563271258   17.613148507
    0.448798951    1.570796327   92.725932841   37.128181187   17.981199799
    0.897597901    1.570796327  103.492552076    8.511361624   15.520873637
    1.346396852    1.570796327  103.499753068   -7.960429829   11.396363330
    1.795195802    1.570796327   92.986915052  -28.569383992    6.454275196
    2.243994753    1.570796327   32.991258109  -16.024410220   12.414728523
    2.692793703    1.570796327   53.864824964   -7.835799427   11.937694602

   -3.141592654    2.356194490   78.861653531   -8.890639858    4.165135859
   -2.692793703    2.356194490   89.018312274   -0.681441981    5.804122837
   -2.243994753    2.356194490  101.262209253   11.745373130    5.867490067
   -1.795195802    2.356194490   93.670390707    0.326045197    6.486139677
   -1.346396852    2.356194490   61.108303367   24.927704955    5.507274404
   -0.897597901    2.356194490   60.347501119   27.690025436    6.267907588
   -0.448798951    2.356194490   56.907984841   25.449898040    7.736909134
    0.000000000    2.356194490   97.132775664   45.060117904    9.776269149
    0.448798951    2.356194490  114.465908747   29.138184765    5.579132021
    0.897597901    2.356194490  121.037836810   -0.703249331    1.315382865
    1.346396852    2.356194490  117.196353404  -15.738071570   -1.774437651
    1.795195802    2.356194490  103.693540128  -33.679684256   -3.621235132
    2.243994753    2.356194490   51.023423046  -20.617422452   -4.300138644
    2.692793703    2.356194490   72.788228320   -8.168345357    0.662653013
