#! FIELDS phi psi file.free der_phi der_psi
#! SET min_phi -pi
#! SET max_phi pi
#! SET nbins_phi  14
#! SET periodic_phi true
#! SET min_psi -pi
#! SET max_psi pi
#! SET nbins_psi  8
#! SET periodic_psi true
   -3.141592654   -3.141592654   82.282953385   22.034640277  -15.522373159
   -2.692793703   -3.141592654  103.003149712   21.694993724   -9.046770035
   -2.243994753   -3.141592654  121.960668000   25.074723652   -5.239803394
   -1.795195802   -3.141592654  115.295607641   -9.724347897   -4.437408377
   -1.346396852   -3.141592654   75.485199893    6.438416773   -7.861238949
   -0.897597901   -3.141592654   63.694108272    0.556728377  -16.061240579
   -0.448798951   -3.141592654   49.414562691   -8.571100022  -23.824829713
    0.000000000   -3.141592654  100.922336368   25.138150616  -17.256831947
    0.448798951   -3.141592654  110.571169516   13.936250737  -21.302163718
    0.897597901   -3.141592654  112.151683144   -8.073311835  -23.009829090
    1.346396852   -3.141592654  107.044913854  -13.909663225  -22.559833274
    1.795195802   -3.141592654   95.274519885  -21.982444124  -20.615562963
    2.243994753   -3.141592654   23.856674571   12.337433425  -32.149898688
    2.692793703   -3.141592654   60.845993511   26.721327000  -24.635892233

   -3.141592654   -2.356194490   72.184975381   32.367999866   -9.436309982
   -2.692793703   -2.356194490   97.838669983   28.573331302   -4.661824798
   -2.243994753   -2.356194490  119.157588059   28.065709838   -1.758788496
   -1.795195802   -2.356194490  113.050921492  -16.699671369   -1.408899813
   -1.346396852   -2.356194490   71.696166382   -4.812713498   -1.691384140
   -0.897597901   -2.356194490   53.267550705  -12.708871045   -9.842061393
   -0.448798951   -2.356194490   31.744292950  -22.152888979  -19.511372753
    0.000000000   -2.356194490   87.417579932   18.917538892  -17.369815358
    0.448798951   -2.356194490   94.685348481   10.625092888  -18.854365395
    0.897597901   -2.356194490   95.983855326   -6.588101643  -17.452536674
    1.346396852   -2.356194490   92.302576226   -9.129430109  -13.974967681
    1.795195802   -2.356194490   82.952660365  -14.458942352   -9.460971709
    2.243994753   -2.356194490    3.857162335   27.130115093  -16.575055976
    2.692793703   -2.356194490   44.819305049   39.540503925  -14.578559796

   -3.141592654   -1.570796327   68.919890900   34.371886069    0.191853908
   -2.692793703   -1.570796327   96.498053471   27.457377900    1.253594581
   -2.243994753   -1.570796327  120.094452955   25.544809053    2.939443990
   -1.795195802   -1.570796327  113.773658971  -25.217109036    2.941224845
   -1.346396852   -1.570796327   74.066764100  -17.422448899    5.632210432
   -0.897597901   -1.570796327   49.627664208  -24.664565264   -0.110113964
   -0.448798951   -1.570796327   20.869379052  -30.992609325   -7.598667409
    0.000000000   -1.570796327   74.761172478   17.988285917  -11.247710508
    0.448798951   -1.570796327   82.135495885   13.157296048  -10.228070069
    0.897597901   -1.570796327   85.912460259    1.476072160   -6.563627515
    1.346396852   -1.570796327   86.293309628    0.750421509   -1.445859945
    1.795195802   -1.570796327   81.625248330   -3.966495720    4.137931962
    2.243994753   -1.570796327    0.000000000   38.025394492    3.526744530
    2.692793703   -1.570796327   39.651470420   45.132592823   -0.005668314

   -3.141592654   -0.785398163   87.314577180   29.886105729    4.708730917
   -2.692793703   -0.785398163  113.392723480   20.745637710    2.939158402
   -2.243994753   -0.785398163  136.309478488   18.059040972    2.459325388
   -1.795195802   -0.785398163  130.925794895  -32.556042685    2.477569066
   -1.346396852   -0.785398163   97.606375824  -29.638573554    4.972606444
   -0.897597901   -0.785398163   69.535028927  -34.312760603    4.290788751
   -0.448798951   -0.785398163   35.741992121  -35.143913125    2.386133914
    0.000000000   -0.785398163   80.586658451   16.767746375   -2.109135945
    0.448798951   -0.785398163   88.107419664   16.705937725    0.561924049
    0.897597901   -0.785398163   95.297545995   12.209972282    4.067488849
    1.346396852   -0.785398163  100.978700610   13.177263415    7.401800263
    1.795195802   -0.785398163  102.679326789    8.670023749   10.275106972
    2.243994753   -0.785398163   28.330931015   44.073293269   13.601984532
    2.692793703   -0.785398163   60.630080000   43.753901391    8.263243937

   -3.141592654    0.000000000   76.293716959   22.528058686  -13.715420683
   -2.692793703    0.000000000  101.274262089   16.073903361  -15.925281055
   -2.243994753    0.000000000  124.226953908   16.820124353  -16.633915010
   -1.795195802    0.000000000  118.086044227  -30.324938563  -18.082548316
   -1.346396852    0.000000000   82.314683267  -22.758821088  -21.685843376
   -0.897597901    0.000000000   56.485014100  -25.228423888  -16.312387263
   -0.448798951    0.000000000   24.600571726  -25.112050756  -10.928370370
    0.000000000    0.000000000   71.662832173   26.011211459   -7.349745046
    0.448798951    0.000000000   82.934117986   23.252336546   -2.428344868
    0.897597901    0.000000000   91.914658746   13.515473291   -1.057902408
    1.346396852    0.000000000   97.330607065   10.805524376   -2.934828733
    1.795195802    0.000000000   97.262957979    2.172115770   -7.296675563
    2.243994753    0.000000000   20.446996242   34.535578645   -9.190849939
    2.692793703    0.000000000   52.006641537   35.551145053   -9.651924596

   -3.141592654    0.785398163   68.488080860   14.594707480   -2.594822381
   -2.692793703    0.785398163   91.260915583   12.172968515   -6.269066880
   -2.243994753    0.785398163  113.152605498   16.828355108   -8.592680734
   -1.795195802    0.785398163  105.826968686  -23.755639461   -9.778451268
   -1.346396852    0.785398163   67.422912782   -9.994927085  -11.846178655
   -0.897597901    0.785398163   46.848670167  -10.939739631   -3.938152633
   -0.448798951    0.785398163   20.665214880  -11.477244341    4.910995436
    0.000000000    0.785398163   70.411195739   34.942739764    6.651964182
    0.448798951    0.785398163   84.934333264   27.734051668    9.931013210
    0.897597901    0.785398163   94.159235183   10.589680401    9.397719772
    1.346396852    0.785398163   97.266300034    3.600510450    5.842894749
    1.795195802    0.785398163   93.019232976   -9.003753473    0.220135812
    2.243994753    0.785398163   16.038169656   20.402654013    3.135233767
    2.692793703    0.785398163   47.551655120   25.075500430    2.313022527

   -3.141592654    1.570796327   76.386444465    2.713979162    8.529778586
   -2.692793703    1.570796327   94.010839577    5.654677751    5.020700412
   -2.243994753    1.570796327  112.277648913   14.831632434    2.061139642
   -1.795195802    1.570796327  104.206031604  -13.175570717    1.679193107
   -1.346396852    1.570796327   66.418182027    6.990795029    1.630725140
   -0.897597901    1.570796327   54.305228023    8.316801551    9.247724984
   -0.448798951    1.570796327   37.981907600    7.239045899   18.203200689
    0.000000000    1.570796327   86.002806341   43.008950124   17.745292003
    0.448798951    1.570796327  103.375768785   31.033550945   18.131918177
    0.897597901    1.570796327  112.229432456    6.302947056   15.717354653
    1.346396852    1.570796327  112.270469685   -5.605301046   11.621467220
    1.795195802    1.570796327  103.199602062  -22.100307090    6.649779147
    2.243994753    1.570796327   33.949888187    0.258318577   12.778640253
    2.692793703    1.570796327   61.839409788    8.870225680   12.263375880

   -3.141592654    2.356194490   95.110888631    3.627358434    4.286045006
   -2.692793703    2.356194490  110.082994017    8.204623207    5.878268628
   -2.243994753    2.356194490  125.506959263   16.919574887    5.907947019
   -1.795195802    2.356194490  117.770979941   -5.047641292    6.502616077
   -1.346396852    2.356194490   81.935005556   15.823071778    5.541340355
   -0.897597901    2.356194490   76.262608404   14.975639304    6.332537600
   -0.448798951    2.356194490   66.906872097   10.590933498    7.851419766
    0.000000000    2.356194490  112.023572533   37.369466728    9.870871191
    0.448798951    2.356194490  126.749491187   23.673583997    5.689157398
    0.897597901    2.356194490  131.615166034   -2.644314879    1.447142899
    1.346396852    2.356194490  127.828345068  -13.559988914   -1.633468479
    1.795195802    2.356194490  115.623963008  -27.791834741   -3.492988536
    2.243994753    2.356194490   54.646123306   -5.880171886   -4.087076579
    2.692793703    2.356194490   82.778233921    6.892421018    0.839170953
