#! FIELDS phi psi file.free der_phi der_psi
#! SET min_phi -pi
#! SET max_phi pi
#! SET nbins_phi  14
#! SET periodic_phi true
#! SET min_psi -pi
#! SET max_psi pi
#! SET nbins_psi  8
#! SET periodic_psi true
   -3.141592654   -3.141592654  111.360698576   46.605382319  -18.718789469
   -2.692793703   -3.141592654  141.538598882   39.159125938  -10.919977863
   -2.243994753   -3.141592654  166.748206208   35.169970059   -6.228808330
   -1.795195802   -3.141592654  159.882641760  -20.237465336   -5.370594330
   -1.346396852   -3.141592654  113.683574627  -11.335049957   -9.641923656
   -0.897597901   -3.141592654   92.298735007  -24.291813528  -19.127764933
   -0.448798951   -3.141592654   66.566279060  -37.566446332  -28.489270590
    0.000000000   -3.141592654  127.531618343   10.095370669  -20.683851199
    0.448798951   -3.141592654  132.014450455    3.189421725  -25.403636274
    0.897597901   -3.141592654  130.228317274  -11.939044225  -27.599258758
    1.346396852   -3.141592654  125.198903064   -9.708513016  -27.170508632
    1.795195802   -3.141592654  115.796614344  -10.422904400  -24.867979478
    2.243994753   -3.141592654   28.126179737   41.198189346  -38.696806580
    2.692793703   -3.141592654   77.646850011   56.240216249  -29.532797334

   -3.141592654   -2.356194490   99.362685408   58.960884400  -10.933801816
   -2.692793703   -2.356194490  135.257486495   47.494137633   -5.547886598
   -2.243994753   -2.356194490  163.354011200   39.045318003   -2.230277924
   -1.795195802   -2.356194490  157.100212564  -27.980691673   -1.798701834
   -1.346396852   -2.356194490  108.866247054  -23.961687780   -2.442021645
   -0.897597901   -2.356194490   80.096190070  -39.506608265  -11.149400513
   -0.448798951   -2.356194490   46.177056173  -53.485495355  -21.552555824
    0.000000000   -2.356194490  112.015109137    2.620608973  -18.899789145
    0.448798951   -2.356194490  113.732384432   -1.025226254  -20.661463320
    0.897597901   -2.356194490  111.371347097  -10.821859199  -19.496290188
    1.346396852   -2.356194490  107.747123559   -4.648273142  -16.049833769
    1.795195802   -2.356194490  100.981982297   -2.035435286  -11.353687802
    2.243994753   -2.356194490    4.276509752   58.254553241  -19.537346174
    2.692793703   -2.356194490   58.717575723   71.451177740  -16.850349821

   -3.141592654   -1.570796327   95.833746630   61.209959605    0.683344414
   -2.692793703   -1.570796327  133.752488855   46.572042552    1.527365908
   -2.243994753   -1.570796327  164.199965963   36.680621789    3.078169790
   -1.795195802   -1.570796327  157.801230150  -36.504443435    3.165168622
   -1.346396852   -1.570796327  111.186967507  -36.660065149    6.047668167
   -0.897597901   -1.570796327   76.353244305  -51.612924307    0.580302423
   -0.448798951   -1.570796327   35.082745220  -62.566059693   -6.639834487
    0.000000000   -1.570796327   99.163117672    1.525056244  -10.589401184
    0.448798951   -1.570796327  100.976404091    1.380282646   -9.404206177
    0.897597901   -1.570796327  101.044114378   -2.846976619   -5.678464494
    1.346396852   -1.570796327  101.455704589    5.206769677   -0.593238659
    1.795195802   -1.570796327   99.420339572    8.482707363    4.961769863
    2.243994753   -1.570796327    0.000000000   69.324953654    4.705333561
    2.692793703   -1.570796327   53.171288652   77.299807498    0.784939007

   -3.141592654   -0.785398163  117.417027663   53.217625848    5.954117833
   -2.692793703   -0.785398163  152.491467131   37.388893423    3.659583864
   -2.243994753   -0.785398163  181.379170507   27.811836133    2.836018727
   -1.795195802   -0.785398163  176.021384882  -42.242172790    2.894209547
   -1.346396852   -0.785398163  136.744578067  -46.245364671    5.759976867
   -0.897597901   -0.785398163   99.693007126  -57.611391806    5.630131819
   -0.448798951   -0.785398163   55.021731491  -62.526300329    4.361961142
    0.000000000   -0.785398163  108.634202516    2.438011825   -0.683019391
    0.448798951   -0.785398163  111.369192698    6.441980857    2.287455337
    0.897597901   -0.785398163  115.313397356    8.384666536    5.974061992
    1.346396852   -0.785398163  120.985427701   16.963010549    9.293014301
    1.795195802   -0.785398163  125.003824496   19.375175510   12.045149939
    2.243994753   -0.785398163   35.151394671   71.137384880   16.260992737
    2.692793703   -0.785398163   79.099005023   71.667819170   10.196018332

   -3.141592654    0.000000000  104.104107337   48.366125375  -15.561464835
   -2.692793703    0.000000000  139.043603234   34.490426993  -16.988125441
   -2.243994753    0.000000000  168.601055751   27.589015254  -17.187462972
   -1.795195802    0.000000000  162.436818483  -41.126679043  -18.727864463
   -1.346396852    0.000000000  120.041924440  -41.213835786  -22.902075220
   -0.897597901    0.000000000   84.236394095  -51.100979397  -18.373748237
   -0.448798951    0.000000000   40.293621942  -55.480947227  -13.947803613
    0.000000000    0.000000000   97.133573623   10.156811984   -9.500318087
    0.448798951    0.000000000  103.070280807   11.899318557   -5.053645816
    0.897597901    0.000000000  108.467736862    9.315917951   -3.946888037
    1.346396852    0.000000000  113.893308178   15.046808508   -5.788603145
    1.795195802    0.000000000  116.390248257   14.085163528   -9.971532278
    2.243994753    0.000000000   22.399646940   64.593440279  -13.204944880
    2.692793703    0.000000000   66.927788362   66.492252004  -12.530168642

   -3.141592654    0.785398163   95.617919372   41.215845342   -2.467289916
   -2.692793703    0.785398163  128.645685459   31.125176973   -6.178372710
   -2.243994753    0.785398163  157.328945514   27.857762903   -8.538833076
   -1.795195802    0.785398163  149.898310292  -34.996529789   -9.831511449
   -1.346396852    0.785398163  104.628650966  -29.111274137  -11.934368503
   -0.897597901    0.785398163   73.727309703  -37.708194308   -4.061706009
   -0.448798951    0.785398163   35.125804788  -42.820140178    4.828334909
    0.000000000    0.785398163   95.021180952   18.624955296    6.641912406
    0.448798951    0.785398163  104.003578120   16.059441239    9.877974982
    0.897597901    0.785398163  109.555362015    6.321177583    9.379640437
    1.346396852    0.785398163  112.703469464    8.046980363    5.865868776
    1.795195802    0.785398163  111.067776304    3.375263381    0.197072006
    2.243994753    0.785398163   16.423505101   51.499378394    3.202546700
    2.692793703    0.785398163   61.392543021   56.997950554    2.466259916

   -3.141592654    1.570796327  104.769506716   28.033274005   10.295459229
   -2.692793703    1.570796327  132.140474450   23.653675352    6.063838448
   -2.243994753    1.570796327  156.851167081   25.246925458    2.614867269
   -1.795195802    1.570796327  148.585093451  -23.997696575    2.146436497
   -1.346396852    1.570796327  104.219075314  -11.309718474    2.529533392
   -0.897597901    1.570796327   82.226965579  -17.273173160   10.810805952
   -0.448798951    1.570796327   54.096300588  -22.636171166   20.639821462
    0.000000000    1.570796327  111.861930323   27.509499475   19.558879308
    0.448798951    1.570796327  123.912418784   19.955945098   20.282659484
    0.897597901    1.570796327  129.294208991    2.311244019   18.145981829
    1.346396852    1.570796327  129.410641512   -1.286674510   14.083224874
    1.795195802    1.570796327  122.791310198  -10.205950637    8.893238002
    2.243994753    1.570796327   36.774629326   29.984514012   16.294765466
    2.692793703    1.570796327   77.572738281   39.282744959   14.946185440

   -3.141592654    2.356194490  127.459111281   24.691918831    5.485895154
   -2.692793703    2.356194490  150.533774251   23.155316395    6.581091793
   -2.243994753    2.356194490  171.304677262   25.512538617    6.278591184
   -1.795195802    2.356194490  163.319815619  -14.167876432    6.852398511
   -1.346396852    2.356194490  121.967190192    0.488314289    6.209770594
   -0.897597901    2.356194490  108.023336585   -6.433783975    7.484079926
   -0.448798951    2.356194490   88.853335688  -14.318954650    9.609492773
    0.000000000    2.356194490  142.151786923   24.490121793   11.154802820
    0.448798951    2.356194490  152.406047008   14.481904957    7.230326253
    0.897597901    2.356194490  154.403253131   -5.902667298    3.171740334
    1.346396852    2.356194490  150.712472281   -9.885197137    0.099038110
    1.795195802    2.356194490  140.510825970  -17.782578841   -1.902660366
    2.243994753    2.356194490   65.627084558   18.984384420   -1.622362728
    2.692793703    2.356194490  104.592813935   32.240549530    2.678047135
