#! FIELDS phi psi file.free der_phi der_psi
#! SET min_phi -pi
#! SET max_phi pi
#! SET nbins_phi  14
#! SET periodic_phi true
#! SET min_psi -pi
#! SET max_psi pi
#! SET nbins_psi  8
#! SET periodic_psi true
   -3.141592654   -3.141592654  112.799136711   50.305289712  -18.415725046
   -2.692793703   -3.141592654  144.398191391   41.777426677  -10.743699184
   -2.243994753   -3.141592654  170.542168485   36.627702485   -6.136314743
   -1.795195802   -3.141592654  163.599274432  -21.844944518   -5.274151830
   -1.346396852   -3.141592654  116.416239020  -14.070028916   -9.459426638
   -0.897597901   -3.141592654   93.558904937  -28.096617026  -18.815955793
   -0.448798951   -3.141592654   66.140623011  -41.935902317  -28.024649873
    0.000000000   -3.141592654  128.488907870    7.803452000  -20.342210177
    0.448798951   -3.141592654  132.219359724    1.585022083  -24.996327518
    0.897597901   -3.141592654  129.937132891  -12.487787972  -27.147047468
    1.346396852   -3.141592654  124.936901602   -9.033233763  -26.719732523
    1.795195802   -3.141592654  115.827509123   -8.601923054  -24.447457272
    2.243994753   -3.141592654   25.841800105   45.581623599  -38.065589184
    2.692793703   -3.141592654   77.231847267   60.708242540  -29.064971556

   -3.141592654   -2.356194490  101.207753352   62.217556816  -10.229821217
   -2.692793703   -2.356194490  138.353318580   49.798234633   -5.139100360
   -2.243994753   -2.356194490  167.271891658   40.325520937   -2.015878521
   -1.795195802   -2.356194490  160.948000716  -29.398380094   -1.570343624
   -1.346396852   -2.356194490  111.846849132  -26.371696133   -2.010510213
   -0.897597901   -2.356194490   81.779427273  -42.858489299  -10.413494876
   -0.448798951   -2.356194490   46.378264615  -57.331656279  -20.464736215
    0.000000000   -2.356194490  113.433704763    0.603594607  -18.098997801
    0.448798951   -2.356194490  114.487818254   -2.436799096  -19.705395687
    0.897597901   -2.356194490  111.690611226  -11.303342818  -18.436716908
    1.346396852   -2.356194490  108.092877248   -4.051932000  -14.995489279
    1.795195802   -2.356194490  101.582659776   -0.428879166  -10.363150262
    2.243994753   -2.356194490    2.842391396   62.115941559  -18.062867047
    2.692793703   -2.356194490   58.931015681   75.385023588  -15.761802831

   -3.141592654   -1.570796327   98.364649154   63.718941129    1.558828319
   -2.692793703   -1.570796327  137.246740768   48.346170089    2.035342916
   -2.243994753   -1.570796327  168.326863707   37.662082068    3.344526530
   -1.795195802   -1.570796327  161.870464058  -37.601800493    3.451650161
   -1.346396852   -1.570796327  114.586229461  -38.521485750    6.588634562
   -0.897597901   -1.570796327   78.750750133  -54.200368790    1.502120936
   -0.448798951   -1.570796327   36.341269235  -65.529808648   -5.281916679
    0.000000000   -1.570796327  101.360542782   -0.028059067   -9.589534087
    0.448798951   -1.570796327  102.660916782    0.293876473   -8.209519790
    0.897597901   -1.570796327  102.393465210   -3.215224406   -4.355506586
    1.346396852   -1.570796327  102.826887885    5.669682345    0.722133636
    1.795195802   -1.570796327  100.983367116    9.726750206    6.201265780
    2.243994753   -1.570796327    0.000000000   72.305548781    6.543898421
    2.692793703   -1.570796327   54.444764300   80.332419782    2.139743110

   -3.141592654   -0.785398163  121.116218772   54.447483775    6.444662826
   -2.692793703   -0.785398163  156.662988595   38.258975369    3.943572774
   -2.243994753   -0.785398163  185.861102478   28.295245404    2.984784425
   -1.795195802   -0.785398163  180.476682492  -42.777680205    3.058680910
   -1.346396852   -0.785398163  140.872238504  -47.155755057    6.069882300
   -0.897597901   -0.785398163  103.330602327  -58.877481618    6.157069129
   -0.448798951   -0.785398163   58.099546673  -63.978977198    5.131462852
    0.000000000   -0.785398163  112.171824795    1.676196559   -0.116809421
    0.448798951   -0.785398163  114.656537571    5.908984315    2.965880684
    0.897597901   -0.785398163  118.436078069    8.202990556    6.723664049
    1.346396852   -0.785398163  124.118189817   17.188399149   10.036661128
    1.795195802   -0.785398163  128.232942948   19.982047080   12.750993339
    2.243994753   -0.785398163   37.612249815   72.595729232   17.299233181
    2.692793703   -0.785398163   82.182005471   73.153497076   10.956836228

   -3.141592654    0.000000000  107.145421921   50.311599527  -16.445898333
   -2.692793703    0.000000000  142.832534101   35.868511611  -17.501501340
   -2.243994753    0.000000000  172.882241567   28.362452250  -17.456720893
   -1.795195802    0.000000000  166.682341918  -41.964959454  -19.015990011
   -1.346396852    0.000000000  123.772759855  -42.645357407  -23.446355086
   -0.897597901    0.000000000   87.196095811  -53.094513795  -19.301589266
   -0.448798951    0.000000000   42.362634639  -57.777907999  -15.316057260
    0.000000000    0.000000000   99.929061912    8.950739134  -10.508367752
    0.448798951    0.000000000  105.472551036   11.054159568   -6.257607234
    0.897597901    0.000000000  110.607936761    9.023627449   -5.280660568
    1.346396852    0.000000000  116.046874457   15.397054203   -7.115268628
    1.795195802    0.000000000  118.704578785   15.033669284  -11.220915677
    2.243994753    0.000000000   23.489430494   66.890651049  -15.059795874
    2.692793703    0.000000000   68.995081422   68.838968057  -13.898270075

   -3.141592654    0.785398163   97.953519443   43.932456902   -3.340329893
   -2.692793703    0.785398163  132.025108755   33.049003861   -6.684894342
   -2.243994753    0.785398163  161.395396927   28.935346495   -8.804435151
   -1.795195802    0.785398163  153.913104728  -36.169669956  -10.117448346
   -1.346396852    0.785398163  107.923746945  -31.112652865  -12.474303763
   -0.897597901    0.785398163   75.944453996  -40.494546598   -4.981673266
   -0.448798951    0.785398163   36.100592667  -46.027910155    3.473875065
    0.000000000    0.785398163   97.010865711   16.941180832    5.644252381
    0.448798951    0.785398163  105.443285974   14.879852135    8.686031356
    0.897597901    0.785398163  110.629571962    5.914420980    8.059838434
    1.346396852    0.785398163  113.797077302    8.537844424    4.553748373
    1.795195802    0.785398163  112.383611592    4.702944364   -1.040013736
    2.243994753    0.785398163   16.031802956   54.709996723    1.368786704
    2.692793703    0.785398163   62.367840087   60.275828277    1.115134927

   -3.141592654    1.570796327  106.499238178   31.412480265    9.664033667
   -2.692793703    1.570796327  135.168473295   26.046160660    5.697724150
   -2.243994753    1.570796327  160.733355979   26.584324773    2.422920457
   -1.795195802    1.570796327  152.400892392  -25.459963934    1.938202382
   -1.346396852    1.570796327  107.138483739  -13.802053413    2.136518260
   -0.897597901    1.570796327   83.804167604  -20.742162822   10.141605755
   -0.448798951    1.570796327   54.130009706  -26.626533533   19.657371281
    0.000000000    1.570796327  113.158334444   25.415464610   18.834956916
    0.448798951    1.570796327  124.523655829   18.489305456   19.417303509
    0.897597901    1.570796327  129.451320879    1.806880710   17.188415397
    1.346396852    1.570796327  129.592728112   -0.674022842   13.131839920
    1.795195802    1.570796327  123.246862609   -8.550556448    7.993997792
    2.243994753    1.570796327   35.109262943   33.981513611   14.965758626
    2.692793703    1.570796327   77.610147377   43.361245414   13.968374937

   -3.141592654    2.356194490  128.854415733   28.437651510    5.289510161
   -2.692793703    2.356194490  153.367998380   25.806672687    6.467554888
   -2.243994753    2.356194490  175.085291566   26.991661715    6.219110179
   -1.795195802    2.356194490  167.024485035  -15.792027180    6.785543941
   -1.346396852    2.356194490  124.676969509   -2.277453049    6.083873714
   -0.897597901    2.356194490  109.243851659  -10.282383647    7.270346483
   -0.448798951    2.356194490   88.365038063  -18.742339306    9.299798971
    0.000000000    2.356194490  143.063379431   22.169399007   10.926181140
    0.448798951    2.356194490  152.557029658   12.856911359    6.956390491
    0.897597901    2.356194490  154.051427101   -6.459967703    2.869509818
    1.346396852    2.356194490  150.389262596   -9.203818190   -0.200355987
    1.795195802    2.356194490  140.487447301  -15.943333371   -2.188951577
    2.243994753    2.356194490   63.256222587   23.418534537   -2.039689531
    2.692793703    2.356194490  104.111978999   36.762673771    2.373039405
