#! FIELDS phi psi file.free der_phi der_psi
#! SET min_phi -pi
#! SET max_phi pi
#! SET nbins_phi  14
#! SET periodic_phi true
#! SET min_psi -pi
#! SET max_psi pi
#! SET nbins_psi  8
#! SET periodic_psi true
   -3.141592654   -3.141592654   75.711583268   11.368624806  -15.735608643
   -2.692793703   -3.141592654   92.331742277   14.135038718   -9.168147869
   -2.243994753   -3.141592654  108.587216326   20.702130244   -5.301901095
   -1.795195802   -3.141592654  102.086693438   -5.094345617   -4.518738621
   -1.346396852   -3.141592654   65.087737103   14.249924167   -8.014068563
   -0.897597901   -3.141592654   57.507334739   11.448741534  -16.318647590
   -0.448798951   -3.141592654   48.262428994    4.115467656  -24.208897255
    0.000000000   -3.141592654   95.575349902   31.689011700  -17.523287918
    0.448798951   -3.141592654  107.458685612   18.580226592  -21.623018755
    0.897597901   -3.141592654  110.483159275   -6.450177377  -23.360061279
    1.346396852   -3.141592654  105.313479720  -15.805578444  -22.902835004
    1.795195802   -3.141592654   92.455812492  -27.055833344  -20.923179202
    2.243994753   -3.141592654   28.084276796   -0.279382489  -32.621663456
    2.692793703   -3.141592654   59.612489961   13.866292005  -24.971960935

   -3.141592654   -2.356194490   65.003015347   22.376636395  -10.732493819
   -2.692793703   -2.356194490   86.814932754   21.487412577   -5.411288828
   -2.243994753   -2.356194490  105.600710421   23.965529909   -2.149979144
   -1.795195802   -2.356194490   99.633514644  -12.378979985   -1.843814492
   -1.346396852   -2.356194490   60.905008379    2.486760231   -2.513264258
   -0.897597901   -2.356194490   46.412105964   -2.525654798  -11.239917063
   -0.448798951   -2.356194490   29.595558662  -10.285784849  -21.594171680
    0.000000000   -2.356194490   81.358641252   25.053862223  -18.865009539
    0.448798951   -2.356194490   90.715822764   14.979121228  -20.654150652
    0.897597901   -2.356194490   93.370184592   -5.057362714  -19.440598490
    1.346396852   -2.356194490   89.635498289  -10.891744513  -15.946396840
    1.795195802   -2.356194490   79.274404317  -19.199194344  -11.279057673
    2.243994753   -2.356194490    6.777932651   15.331721904  -19.335203597
    2.692793703   -2.356194490   42.635918323   27.506544471  -16.591042444

   -3.141592654   -1.570796327   60.361594482   25.889565818   -1.756442142
   -2.692793703   -1.570796327   84.677054367   21.437180737    0.125613477
   -2.243994753   -1.570796327  106.120682458   22.058618137    2.349633483
   -1.795195802   -1.570796327   99.902682237  -21.569153356    2.294490742
   -1.346396852   -1.570796327   62.417335416  -11.244704949    4.409661292
   -0.897597901   -1.570796327   41.310239439  -16.040702515   -2.191176056
   -0.448798951   -1.570796327   16.538608762  -20.935457701  -10.697227795
    0.000000000   -1.570796327   67.133604493   23.199942666  -13.481351964
    0.448798951   -1.570796327   76.274607109   16.857768595  -12.914988814
    0.897597901   -1.570796327   81.206107992    2.786649785   -9.534654142
    1.346396852   -1.570796327   81.547556682   -0.730998594   -4.395169452
    1.795195802   -1.570796327   76.027688737   -7.976978881    1.409591921
    2.243994753   -1.570796327    0.000000000   28.032939039   -0.606869898
    2.692793703   -1.570796327   35.334993817   34.924787044   -3.026858721

   -3.141592654   -0.785398163   75.796214465   24.648239861    3.387993635
   -2.692793703   -0.785398163   99.856764449   17.017125713    2.175110131
   -2.243994753   -0.785398163  121.438163935   15.886739988    2.059780051
   -1.795195802   -0.785398163  116.078344766  -30.346954941    2.034130618
   -1.346396852   -0.785398163   84.110644191  -25.873130327    4.135729657
   -0.897597901   -0.785398163   58.073137811  -29.041719558    2.867798171
   -0.448798951   -0.785398163   26.727869146  -28.971562745    0.276889660
    0.000000000   -0.785398163   69.576063476   19.984148683   -3.636789130
    0.448798951   -0.785398163   78.179856670   19.001735285   -1.269553464
    0.897597901   -0.785398163   86.091860295   13.047478615    2.044373061
    1.346396852   -0.785398163   91.763778967   12.299709615    5.395413036
    1.795195802   -0.785398163   92.944301274    6.233988065    8.411616361
    2.243994753   -0.785398163   22.065015520   37.956465222   10.800493288
    2.692793703   -0.785398163   51.726619018   37.471863443    6.213501721

   -3.141592654    0.000000000   66.194956587   15.750286540  -11.705902753
   -2.692793703    0.000000000   88.564945861   11.250039798  -14.759636972
   -2.243994753    0.000000000  109.788994734   13.990079877  -16.023728636
   -1.795195802    0.000000000  103.680731664  -27.470269272  -17.429786758
   -1.346396852    0.000000000   69.658568488  -17.885975154  -20.449468770
   -0.897597901    0.000000000   46.461018739  -18.406568639  -14.203556868
   -0.448798951    0.000000000   17.771765388  -17.104392850   -7.768893749
    0.000000000    0.000000000   62.228567866   30.177731559   -5.074948252
    0.448798951    0.000000000   74.896715078   26.223594365    0.310772175
    0.897597901    0.000000000   84.811421187   14.598928556    1.976837933
    1.346396852    0.000000000   90.215115358    9.668937504    0.083662511
    1.795195802    0.000000000   89.440681152   -0.964419019   -4.516464852
    2.243994753    0.000000000   17.139585310   26.621190872   -4.946032073
    2.692793703    0.000000000   45.291821005   27.420977197   -6.541772814

   -3.141592654    0.785398163   59.996278512    6.052230715   -0.707073180
   -2.692793703    0.785398163   79.481730869    6.104183252   -5.177270261
   -2.243994753    0.785398163   99.200888539   13.287067469   -8.022242193
   -1.795195802    0.785398163   91.956207544  -20.109246936   -9.145896080
   -1.346396852    0.785398163   55.777451866   -3.803242749  -10.650680978
   -0.897597901    0.785398163   38.544666188   -2.286786239   -1.904836036
   -0.448798951    0.785398163   16.394626520   -1.351966312    7.932435635
    0.000000000    0.785398163   62.819405512   40.191841055    8.825097154
    0.448798951    0.785398163   79.116189767   31.467884547   12.549443469
    0.897597901    0.785398163   89.509365722   11.926575124   12.290390742
    1.346396852    0.785398163   92.585691535    2.130332585    8.711761388
    1.795195802    0.785398163   87.451833616  -13.002740489    2.876271102
    2.243994753    0.785398163   16.145835503   10.370357887    7.156080092
    2.692793703    0.785398163   43.329318920   14.807065878    5.243287082

   -3.141592654    1.570796327   69.085964152   -7.145615859    9.777116921
   -2.692793703    1.570796327   82.918882918   -1.339166585    5.740092604
   -2.243994753    1.570796327   98.684300095   10.768569276    2.436295818
   -1.795195802    1.570796327   90.743661041   -8.917483388    2.109114437
   -1.346396852    1.570796327   55.544213238   14.184826074    2.441570647
   -0.897597901    1.570796327   47.310795354   18.356257240   10.623435459
   -0.448798951    1.570796327   35.649139527   18.957113942   20.234785320
    0.000000000    1.570796327   79.796889616   49.062194384   19.204656395
    0.448798951    1.570796327   99.233544183   35.332657305   19.890126838
    0.897597901    1.570796327  109.426952405    7.818685484   17.654671823
    1.346396852    1.570796327  109.417924642   -7.338122375   13.537792925
    1.795195802    1.570796327   99.326606733  -26.759446906    8.429522151
    2.243994753    1.570796327   36.618926666  -11.378240353   15.454518021
    2.692793703    1.570796327   59.470969923   -3.002041345   14.204925486

   -3.141592654    2.356194490   88.202190237   -6.677561957    4.710520580
   -2.692793703    2.356194490   99.213876805    0.903741928    6.122407907
   -2.243994753    2.356194490  112.028533049   12.695211061    6.035211557
   -1.795195802    2.356194490  104.462572195   -0.562897433    6.654783226
   -1.346396852    2.356194490   71.348292042   23.383315109    5.826367806
   -0.897597901    2.356194490   69.750406493   25.513598214    6.814438067
   -0.448798951    2.356194490   65.269971679   22.863457007    8.552996674
    0.000000000    2.356194490  106.316353259   43.699317683   10.382743409
    0.448798951    2.356194490  123.203188306   28.157620334    6.298764294
    0.897597901    2.356194490  129.461579552   -1.083691155    2.116629446
    1.346396852    2.356194490  125.609893958  -15.401866700   -0.973382001
    1.795195802    2.356194490  112.344807840  -32.700039560   -2.871977268
    2.243994753    2.356194490   58.179664722  -18.084598875   -3.177816903
    2.692793703    2.356194490   81.027937753   -5.533389630    1.501794126
