#! FIELDS phi psi file.free der_phi der_psi
#! SET min_phi -pi
#! SET max_phi pi
#! SET nbins_phi  14
#! SET periodic_phi true
#! SET min_psi -pi
#! SET max_psi pi
#! SET nbins_psi  8
#! SET periodic_psi true
   -3.141592654   -3.141592654  109.935208886   42.891841211  -19.032580451
   -2.692793703   -3.141592654  138.685142398   36.525189809  -11.102576803
   -2.243994753   -3.141592654  162.950840429   33.628670342   -6.324442618
   -1.795195802   -3.141592654  156.136788384  -18.632419060   -5.469332235
   -1.346396852   -3.141592654  110.913241793   -8.624496173   -9.829363530
   -0.897597901   -3.141592654   90.990109738  -20.509268295  -19.448375245
   -0.448798951   -3.141592654   67.030204704  -33.141369643  -28.972762912
    0.000000000   -3.141592654  126.519326119   12.375051984  -21.033312911
    0.448798951   -3.141592654  131.780083181    4.808565348  -25.823663537
    0.897597901   -3.141592654  130.498411663  -11.368692737  -28.065980507
    1.346396852   -3.141592654  125.449827160  -10.361981409  -27.636107360
    1.795195802   -3.141592654  115.645519354  -12.168513299  -25.296092644
    2.243994753   -3.141592654   30.457395545   36.813875099  -39.353451192
    2.692793703   -3.141592654   78.079078319   51.768121697  -30.016934316

   -3.141592654   -2.356194490   97.521744484   55.699231824  -11.648941214
   -2.692793703   -2.356194490  132.162423734   45.181024893   -5.963664428
   -2.243994753   -2.356194490  159.430124787   37.692511375   -2.447992387
   -1.795195802   -2.356194490  153.222709877  -26.569367978   -2.026009460
   -1.346396852   -2.356194490  105.846149628  -21.579493556   -2.873155027
   -0.897597901   -2.356194490   78.360634308  -36.182748470  -11.886138356
   -0.448798951   -2.356194490   45.998220577  -49.598151059  -22.660947190
    0.000000000   -2.356194490  110.538668548    4.622650160  -19.699856236
    0.448798951   -2.356194490  112.939796586    0.396547282  -21.623946341
    0.897597901   -2.356194490  111.021562035  -10.321756445  -20.564787440
    1.346396852   -2.356194490  107.380054321   -5.223315478  -17.114784797
    1.795195802   -2.356194490  100.262240306   -3.570136707  -12.333912149
    2.243994753   -2.356194490    5.736526635   54.401975822  -21.038353827
    2.692793703   -2.356194490   58.508419071   67.522671541  -17.954701565

   -3.141592654   -1.570796327   93.298372419   58.704250410   -0.200333419
   -2.692793703   -1.570796327  130.253735204   44.795333333    1.013755017
   -2.243994753   -1.570796327  160.064714273   35.641779780    2.809237745
   -1.795195802   -1.570796327  153.702769526  -35.419742617    2.883310538
   -1.346396852   -1.570796327  107.747730706  -34.828524854    5.513269447
   -0.897597901   -1.570796327   73.901529728  -49.057848719   -0.332605034
   -0.448798951   -1.570796327   33.827446038  -59.578483315   -8.012464755
    0.000000000   -1.570796327   96.910689751    3.063886721  -11.580156971
    0.448798951   -1.570796327   99.248543296    2.472196203  -10.595707849
    0.897597901   -1.570796327   99.656159719   -2.463614443   -7.000794304
    1.346396852   -1.570796327  100.054031658    4.763928427   -1.910772437
    1.795195802   -1.570796327   97.747306326    7.302614331    3.749040538
    2.243994753   -1.570796327    0.000000000   66.364408337    2.849552343
    2.692793703   -1.570796327   51.889627975   74.281206645   -0.580089618

   -3.141592654   -0.785398163  113.711074206   51.987138704    5.462838461
   -2.692793703   -0.785398163  148.312475671   36.516598501    3.374132448
   -2.243994753   -0.785398163  176.887709100   27.303072437    2.686536704
   -1.795195802   -0.785398163  171.548691728  -41.707195912    2.736836219
   -1.346396852   -0.785398163  132.596053253  -45.345007782    5.461865100
   -0.897597901   -0.785398163   96.029875534  -56.355643011    5.121055076
   -0.448798951   -0.785398163   51.945067039  -61.059448432    3.595902601
    0.000000000   -0.785398163  105.066583758    3.192323230   -1.237163118
    0.448798951   -0.785398163  108.061178658    6.977978601    1.623723244
    0.897597901   -0.785398163  112.172130590    8.572390574    5.237703700
    1.346396852   -0.785398163  117.837140260   16.744846454    8.559574827
    1.795195802   -0.785398163  121.723929321   18.794069580   11.371544635
    2.243994753   -0.785398163   32.693655501   69.681365865   15.231498857
    2.692793703   -0.785398163   76.008798071   70.185074145    9.436889962

   -3.141592654    0.000000000  101.078748666   46.396728114  -14.667534495
   -2.692793703    0.000000000  135.260771445   33.092879135  -16.468501892
   -2.243994753    0.000000000  164.317136390   26.769665886  -16.915363949
   -1.795195802    0.000000000  158.177653638  -40.279026165  -18.443095812
   -1.346396852    0.000000000  116.298781413  -39.779669255  -22.362062147
   -0.897597901    0.000000000   81.266855082  -49.098581005  -17.451147811
   -0.448798951    0.000000000   38.264216443  -53.136017609  -12.560823767
    0.000000000    0.000000000   94.323764723   11.366295756   -8.499320186
    0.448798951    0.000000000  100.671717073   12.758760589   -3.849095400
    0.897597901    0.000000000  106.337314533    9.620286871   -2.609930683
    1.346396852    0.000000000  111.753722455   14.702710494   -4.456350184
    1.795195802    0.000000000  114.036769962   13.162683282   -8.744628786
    2.243994753    0.000000000   21.363476257   62.272297600  -11.327314009
    2.692793703    0.000000000   64.887347136   64.121937877  -11.149447435

   -3.141592654    0.785398163   93.303698377   38.471897105   -1.589159052
   -2.692793703    0.785398163  125.276145270   29.178224947   -5.668072065
   -2.243994753    0.785398163  153.261416472   26.716786047   -8.271652181
   -1.795195802    0.785398163  145.866162934  -33.814284455   -9.550922573
   -1.346396852    0.785398163  101.315931179  -27.111910255  -11.402418693
   -0.897597901    0.785398163   71.492995306  -34.917019717   -3.153139537
   -0.448798951    0.785398163   34.201420063  -39.552276532    6.193543332
    0.000000000    0.785398163   93.008542175   20.309959839    7.626678040
    0.448798951    0.785398163  102.564364104   17.256632763   11.063200809
    0.897597901    0.785398163  108.489536319    6.744596368   10.694781537
    1.346396852    0.785398163  111.624528730    7.566699334    7.176017643
    1.795195802    0.785398163  109.690957510    2.088895836    1.403640387
    2.243994753    0.785398163   16.881860669   48.263971728    5.048556771
    2.692793703    0.785398163   60.450699635   53.694932716    3.822949158

   -3.141592654    1.570796327  103.062925785   24.627203777   10.926074737
   -2.692793703    1.570796327  129.123998635   21.237208850    6.430179221
   -2.243994753    1.570796327  152.968488073   23.831443051    2.806659440
   -1.795195802    1.570796327  144.747401540  -22.528690461    2.348694787
   -1.346396852    1.570796327  101.274962129   -8.826520476    2.912857378
   -0.897597901    1.570796327   80.622138724  -13.806983470   11.465290622
   -0.448798951    1.570796327   54.117449399  -18.579007471   21.622395642
    0.000000000    1.570796327  110.531192036   29.600887363   20.267280587
    0.448798951    1.570796327  123.294024895   21.441703931   21.135547944
    0.897597901    1.570796327  129.139048481    2.836045244   19.092032835
    1.346396852    1.570796327  129.238783278   -1.883871610   15.025362937
    1.795195802    1.570796327  122.249982501  -11.804084324    9.761208050
    2.243994753    1.570796327   38.510952047   25.966731550   17.621940899
    2.692793703    1.570796327   77.569811553   35.182130861   15.920798763

   -3.141592654    2.356194490  126.083869384   20.924369203    5.675411685
   -2.692793703    2.356194490  147.709707785   20.482728293    6.691002504
   -2.243994753    2.356194490  167.522722314   23.947798150    6.336110998
   -1.795195802    2.356194490  159.588849658  -12.541260194    6.914315765
   -1.346396852    2.356194490  119.225272127    3.236639470    6.326933051
   -0.897597901    2.356194490  106.763598507   -2.598012551    7.683779183
   -0.448798951    2.356194490   89.392049320   -9.830369905    9.908015810
    0.000000000    2.356194490  141.193982975   26.803216949   11.369501555
    0.448798951    2.356194490  152.236822294   16.124977780    7.489239394
    0.897597901    2.356194490  154.746130865   -5.323078390    3.458450635
    1.346396852    2.356194490  151.036399474  -10.546949782    0.384082166
    1.795195802    2.356194490  140.426450920  -19.551907756   -1.639563145
    2.243994753    2.356194490   68.061630493   14.538289620   -1.221279027
    2.692793703    2.356194490  105.102167435   27.704091604    2.971435348
