#! FIELDS phi psi file.free der_phi der_psi
#! SET min_phi -pi
#! SET max_phi pi
#! SET nbins_phi  14
#! SET periodic_phi true
#! SET min_psi -pi
#! SET max_psi pi
#! SET nbins_psi  8
#! SET periodic_psi true
   -3.141592654   -3.141592654   94.888074785   28.462968946  -17.729975647
   -2.692793703   -3.141592654  118.088129251   26.285024679  -10.338151675
   -2.243994753   -3.141592654  138.694182730   27.787169258   -5.920613471
   -1.795195802   -3.141592654  132.059920666  -12.374723145   -5.094749774
   -1.346396852   -3.141592654   90.620048699    1.894247510   -9.113293131
   -0.897597901   -3.141592654   76.369281157   -5.830359061  -18.213661510
   -0.448798951   -3.141592654   59.077939706  -16.111237170  -27.084271085
    0.000000000   -3.141592654  113.009478194   21.198209830  -19.651789881
    0.448798951   -3.141592654  121.331161187   11.099626716  -24.165780534
    0.897597901   -3.141592654  122.011273701   -9.144964661  -26.208388758
    1.346396852   -3.141592654  116.893033393  -12.887747720  -25.767408911
    1.795195802   -3.141592654  105.785722473  -19.068673062  -23.580343403
    2.243994753   -3.141592654   30.045660738   19.774932547  -36.689315170
    2.692793703   -3.141592654   70.247842069   34.402345264  -28.024092853

   -3.141592654   -2.356194490   83.088587276   40.625738382  -11.442217169
   -2.692793703   -2.356194490  111.928548898   34.472250525   -5.835208888
   -2.243994753   -2.356194490  135.366546387   31.552709276   -2.377464904
   -1.795195802   -2.356194490  129.306682819  -20.084213386   -2.007337388
   -1.346396852   -2.356194490   85.862814184  -10.641110711   -2.830700921
   -0.897597901   -2.356194490   64.278955697  -20.903237494  -11.800173725
   -0.448798951   -2.356194490   38.892044289  -31.829171865  -22.473127356
    0.000000000   -2.356194490   97.654020318   13.845614131  -19.551398048
    0.448798951   -2.356194490  103.234310205    6.979685565  -21.457853056
    0.897597901   -2.356194490  103.374637472   -7.969928848  -20.360081801
    1.346396852   -2.356194490   99.675721521   -7.824076329  -16.890319922
    1.795195802   -2.356194490   91.173177173  -10.722738539  -12.158898684
    2.243994753   -2.356194490    6.546933763   36.662829958  -20.694831989
    2.692793703   -2.356194490   51.609044714   49.402647810  -17.657307250

   -3.141592654   -1.570796327   78.512443385   44.038493136   -1.073141721
   -2.692793703   -1.570796327  109.820977207   34.364627070    0.513405907
   -2.243994753   -1.570796327  135.898976691   29.628630802    2.548997954
   -1.795195802   -1.570796327  129.638030155  -29.163455652    2.564138268
   -1.346396852   -1.570796327   87.488480438  -24.238999430    4.914592993
   -0.897597901   -1.570796327   59.358902405  -34.249701271   -1.343447109
   -0.448798951   -1.570796327   26.081540190  -42.312908886   -9.463136572
    0.000000000   -1.570796327   83.569544030   12.042043149  -12.626240518
    0.448798951   -1.570796327   88.982728219    8.888931900  -11.868128869
    0.897597901   -1.570796327   91.402855563   -0.145132050   -8.395422575
    1.346396852   -1.570796327   91.761023735    2.273278863   -3.282825681
    1.795195802   -1.570796327   88.081770481    0.402362279    2.436445746
    2.243994753   -1.570796327    0.000000000   49.168071784    0.935858625
    2.692793703   -1.570796327   44.428997928   56.673904919   -1.946736994

   -3.141592654   -0.785398163   96.530173942   39.953228270    4.484520841
   -2.692793703   -0.785398163  126.493909675   27.941629981    2.808035601
   -2.243994753   -0.785398163  151.996456712   22.315560483    2.390065250
   -1.795195802   -0.785398163  146.682316785  -36.646774507    2.409709395
   -1.346396852   -0.785398163  110.823054694  -36.728585200    4.843803966
   -0.897597901   -0.785398163   78.912726585  -44.284713786    4.069837898
   -0.448798951   -0.785398163   40.417317091  -46.924617454    2.054810088
    0.000000000   -0.785398163   88.984818766   10.565257636   -2.357576448
    0.448798951   -0.785398163   94.479283205   12.259153340    0.269513753
    0.897597901   -0.785398163  100.254808642   10.516412082    3.741324375
    1.346396852   -0.785398163  105.909461895   14.755911297    7.075102122
    1.795195802   -0.785398163  108.637117379   13.212422276    9.970235472
    2.243994753   -0.785398163   27.582928117   55.657243813   13.145303282
    2.692793703   -0.785398163   64.832133261   55.768731485    7.918979532

   -3.141592654    0.000000000   85.485018320   32.627484698  -13.140831816
   -2.692793703    0.000000000  114.362881869   23.290127995  -15.587143741
   -2.243994753    0.000000000  139.908035578   21.085312135  -16.454869611
   -1.795195802    0.000000000  133.827948761  -34.446108339  -17.920648180
   -1.346396852    0.000000000   95.503747077  -29.882838540  -21.377152189
   -0.897597901    0.000000000   65.817315104  -35.245028258  -15.779086805
   -0.448798951    0.000000000   29.212153863  -36.939758013  -10.112628102
    0.000000000    0.000000000   80.027332512   19.795145466   -6.735264016
    0.448798951    0.000000000   89.254408879   18.793500475   -1.707782210
    0.897597901    0.000000000   96.817802096   11.822951948   -0.248726745
    1.346396852    0.000000000  102.210692219   12.398064016   -2.118916269
    1.795195802    0.000000000  103.174870045    6.738890517   -6.543606256
    2.243994753    0.000000000   19.621867004   46.175865539   -8.043077697
    2.692793703    0.000000000   56.167190530   47.609887072   -8.775234399

   -3.141592654    0.785398163   78.552379442   23.761013896   -1.013121157
   -2.692793703    0.785398163  104.861550024   18.718996381   -5.342459064
   -2.243994753    0.785398163  129.104132337   20.692203241   -8.103654351
   -1.795195802    0.785398163  121.822874932  -27.517701144   -9.313384326
   -1.346396852    0.785398163   81.095919221  -16.474450879  -10.960282276
   -0.897597901    0.785398163   57.014600117  -20.046272465   -2.413552933
   -0.448798951    0.785398163   26.544255887  -22.222190442    7.224334744
    0.000000000    0.785398163   79.717608274   29.309247978    8.363387844
    0.448798951    0.785398163   92.370817232   23.689904660   11.966409377
    0.897597901    0.785398163  100.311939777    9.061426015   11.673991038
    1.346396852    0.785398163  103.402372072    5.056646461    8.128488562
    1.795195802    0.785398163  100.091635834   -4.845986570    2.332880978
    2.243994753    0.785398163   16.985154679   30.991201721    6.363511496
    2.692793703    0.785398163   53.048648728   36.026597788    4.737129416

   -3.141592654    1.570796327   88.153528341   10.054987718   10.540830712
   -2.692793703    1.570796327  108.608767110   10.892171843    6.197279554
   -2.243994753    1.570796327  128.755321559   17.915433809    2.681521265
   -1.795195802    1.570796327  120.703490246  -16.218524106    2.277788217
   -1.346396852    1.570796327   81.046764990    1.781598578    2.770581851
   -0.897597901    1.570796327   66.115434061    1.001300939   11.207256858
   -0.448798951    1.570796327   46.355680515   -1.380706355   21.169593610
    0.000000000    1.570796327   97.150290151   38.507913289   19.929792914
    0.448798951    1.570796327  113.006307659   27.798698378   20.739109208
    0.897597901    1.570796327  120.835375024    5.090486037   18.629657265
    1.346396852    1.570796327  120.869331351   -4.423540019   14.542185617
    1.795195802    1.570796327  112.547968664  -18.751609002    9.350929652
    2.243994753    1.570796327   38.379498182    8.771657928   16.907244635
    2.692793703    1.570796327   69.946711177   17.650037329   15.349505337

   -3.141592654    2.356194490  109.521986364    8.120483944    5.242642236
   -2.692793703    2.356194490  126.225865342   11.406913291    6.436514309
   -2.243994753    2.356194490  142.798616191   18.801613453    6.201890980
   -1.795195802    2.356194490  135.064635782   -6.935697410    6.794395888
   -1.346396852    2.356194490   98.079127409   12.622076465    6.096256773
   -0.897597901    2.356194490   90.675545424   10.483761844    7.284441672
   -0.448798951    2.356194490   79.212105096    5.304190337    9.284928270
    0.000000000    2.356194490  126.055229617   34.627326267   10.921559724
    0.448798951    2.356194490  139.832018608   21.696056357    6.947263839
    0.897597901    2.356194490  144.072800779   -3.379114445    2.849259668
    1.346396852    2.356194490  140.285651831  -12.826608485   -0.230577785
    1.795195802    2.356194490  128.542262923  -25.731386578   -2.193196497
    2.243994753    2.356194490   64.531929915   -0.642618759   -2.106025185
    2.692793703    2.356194490   94.948023330   12.272417526    2.310817882
