#! FIELDS phi psi file.free der_phi der_psi
#! SET min_phi -pi
#! SET max_phi pi
#! SET nbins_phi  14
#! SET periodic_phi true
#! SET min_psi -pi
#! SET max_psi pi
#! SET nbins_psi  8
#! SET periodic_psi true
   -3.141592654   -3.141592654   38.999857937  -45.493452360    4.088365332
   -2.692793703   -3.141592654   31.956702237  -26.184378798    4.230359033
   -2.243994753   -3.141592654   32.804757307   -2.511063383    3.908450935
   -1.795195802   -3.141592654   26.697807912   22.075172181    4.469074641
   -1.346396852   -3.141592654    6.565291391   56.986419402    5.538756051
   -0.897597901   -3.141592654   24.353254100   69.518006198    4.149255079
   -0.448798951   -3.141592654   43.617690756   70.743438086    4.079196187
    0.000000000   -3.141592654   64.870231213   62.603133701    3.497651661
    0.448798951   -3.141592654   88.202932716   40.043458472    2.091999450
    0.897597901   -3.141592654   97.243003655   -0.300573353    1.583526768
    1.346396852   -3.141592654   90.904767220  -26.860103291    1.638754886
    1.795195802   -3.141592654   72.861055778  -53.800141832    2.128490650
    2.243994753   -3.141592654   52.049698832  -68.624591259    2.993518190
    2.692793703   -3.141592654   52.917195151  -54.613513199    2.786126052

   -3.141592654   -2.356194490   43.637531917  -44.029897787    6.196363284
   -2.692793703   -2.356194490   37.225689832  -25.666007118    6.690016140
   -2.243994753   -2.356194490   37.701311954   -3.398494504    6.890206752
   -1.795195802   -2.356194490   31.962715042   19.839816151    6.938603247
   -1.346396852   -2.356194490   13.417575010   52.574768411    9.777268071
   -0.897597901   -2.356194490   29.414794316   65.079631269    6.494859666
   -0.448798951   -2.356194490   46.595731282   67.235449465    1.984127453
    0.000000000   -2.356194490   66.769398585   60.016154764   -1.223906587
    0.448798951   -2.356194490   89.100188147   39.087690984   -1.591259192
    0.897597901   -2.356194490   98.343899099    1.485193572    0.071120947
    1.346396852   -2.356194490   93.052083823  -23.918016522    3.108319000
    1.795195802   -2.356194490   76.552663475  -50.000442977    6.747514813
    2.243994753   -2.356194490   56.949199512  -64.520368782    8.799065844
    2.692793703   -2.356194490   56.863090717  -52.379690615    6.153734985

   -3.141592654   -1.570796327   49.234682792  -45.350044541    7.001439798
   -2.692793703   -1.570796327   42.665029277  -29.211530934    6.998815203
   -2.243994753   -1.570796327   44.138637214   -7.545909478    8.093085230
   -1.795195802   -1.570796327   37.945901363   13.506844814    7.782309330
   -1.346396852   -1.570796327   22.603980393   42.714723171   11.319226147
   -0.897597901   -1.570796327   35.074916017   56.330017841    7.040447979
   -0.448798951   -1.570796327   47.532637982   61.977037878    0.843383922
    0.000000000   -1.570796327   63.086512137   59.574272285   -4.670003710
    0.448798951   -1.570796327   85.727528802   41.746589442   -4.174812108
    0.897597901   -1.570796327   97.284637907    9.135313525   -1.116616823
    1.346396852   -1.570796327   95.748768018  -14.866841932    3.687381328
    1.795195802   -1.570796327   83.539575770  -40.619815324    9.120239446
    2.243994753   -1.570796327   66.275941801  -57.701833154   11.758068454
    2.692793703   -1.570796327   62.928397683  -50.716659811    7.812642514

   -3.141592654   -0.785398163   64.799701384  -42.600939760    2.510212170
   -2.692793703   -0.785398163   58.961425691  -30.876222626    2.435322700
   -2.243994753   -0.785398163   61.290967755  -12.394575643    3.145487890
   -1.795195802   -0.785398163   55.683998048    3.359455639    2.985717274
   -1.346396852   -0.785398163   45.210865087   25.331377677    4.339862696
   -0.897597901   -0.785398163   51.926179617   39.076786203    2.089867165
   -0.448798951   -0.785398163   56.682978726   49.007990090   -1.844781359
    0.000000000   -0.785398163   65.043339301   52.960253588   -4.967788101
    0.448798951   -0.785398163   85.850678818   41.313314377   -3.872246167
    0.897597901   -0.785398163   99.482193412   18.231550879   -1.391607564
    1.346396852   -0.785398163  103.133279245   -1.232645087    1.828852949
    1.795195802   -0.785398163   97.831383318  -24.061100056    5.149810074
    2.243994753   -0.785398163   84.899007505  -43.036464539    6.153084389
    2.692793703   -0.785398163   77.938711576  -43.297913494    3.692845548

   -3.141592654    0.000000000   53.572805170  -49.117423626  -17.558686857
   -2.692793703    0.000000000   46.842010678  -34.988599279  -18.670570036
   -2.243994753    0.000000000   49.371882752  -13.399960701  -18.628231586
   -1.795195802    0.000000000   42.984545850    5.237867230  -19.820685070
   -1.346396852    0.000000000   29.873497661   31.637657957  -24.182089482
   -0.897597901    0.000000000   38.629447349   47.268945791  -19.930050342
   -0.448798951    0.000000000   45.084852598   58.024767308  -15.855788955
    0.000000000    0.000000000   55.820596175   61.569380529  -11.069039709
    0.448798951    0.000000000   80.017470953   47.375846106   -6.644893450
    0.897597901    0.000000000   95.308798237   19.345012046   -5.424988938
    1.346396852    0.000000000   98.682069478   -3.448162593   -7.272174083
    1.795195802    0.000000000   91.623860155  -30.029661946  -11.345044597
    2.243994753    0.000000000   75.963575003  -51.527340650  -15.653852801
    2.692793703    0.000000000   68.807311970  -50.485785824  -14.799877312

   -3.141592654    0.785398163   40.287173366  -54.302449517  -13.684858194
   -2.692793703    0.785398163   32.770155997  -36.870664139  -14.343937237
   -2.243994753    0.785398163   35.179990973  -12.033914123  -14.707771160
   -1.795195802    0.785398163   27.977310308   10.512671650  -15.391028043
   -1.346396852    0.785398163   11.274668566   42.564355460  -19.554529277
   -0.897597901    0.785398163   23.800847074   59.171696752  -14.899102820
   -0.448798951    0.785398163   34.295517804   68.764037898   -9.648971030
    0.000000000    0.785398163   49.301386736   69.572504819   -4.362532461
    0.448798951    0.785398163   76.372066762   51.244997444   -1.954054804
    0.897597901    0.785398163   91.824437128   16.296125490   -2.727058074
    1.346396852    0.785398163   92.959753084  -10.252125801   -6.077424665
    1.795195802    0.785398163   82.042605477  -40.352853589  -11.014143990
    2.243994753    0.785398163   63.012566893  -62.640365628  -14.715066956
    2.692793703    0.785398163   57.235435883  -57.826921506  -12.325644600

   -3.141592654    1.570796327   32.650460312  -55.284916631   -5.313834495
   -2.692793703    1.570796327   24.897121394  -35.545532819   -5.242633084
   -2.243994753    1.570796327   26.885421148   -9.195765740   -5.925023297
   -1.795195802    1.570796327   19.435360199   15.926751074   -5.860498208
   -1.346396852    1.570796327    0.000000000   51.727834919   -8.487691299
   -0.897597901    1.570796327   15.836327780   67.936529020   -4.915634537
   -0.448798951    1.570796327   30.297192993   75.142019687   -0.312215118
    0.000000000    1.570796327   49.073876060   72.491245130    3.773390664
    0.448798951    1.570796327   76.960293605   50.939451187    3.399800244
    0.897597901    1.570796327   91.096374224   10.988935183    0.906770017
    1.346396852    1.570796327   89.379432960  -17.577952324   -2.828070742
    1.795195802    1.570796327   74.802693730  -49.005689323   -6.985787445
    2.243994753    1.570796327   53.514442391  -70.068650394   -8.899066904
    2.692793703    1.570796327   49.965822450  -61.149426269   -5.755226256

   -3.141592654    2.356194490   35.788685761  -49.305877560    3.119796004
   -2.692793703    2.356194490   28.841673266  -29.303635080    3.696015835
   -2.243994753    2.356194490   30.105787084   -4.566069026    2.960108677
   -1.795195802    2.356194490   23.237200092   20.366548125    3.639468165
   -1.346396852    2.356194490    3.035108842   56.019587728    3.157524707
   -0.897597901    2.356194490   21.001107627   69.501669883    4.531854796
   -0.448798951    2.356194490   38.145837935   72.968403990    7.198556861
    0.000000000    2.356194490   58.961004033   66.565487393    8.981126366
    0.448798951    2.356194490   84.232563491   43.913571905    6.490879190
    0.897597901    2.356194490   94.917232803    3.134035276    3.489171210
    1.346396852    2.356194490   90.006285193  -24.015798188    0.701067899
    1.795195802    2.356194490   72.969519882  -53.016129670   -1.467221532
    2.243994753    2.356194490   51.794432638  -69.820266761   -1.328865549
    2.692793703    2.356194490   51.461259564  -57.073696130    1.290076819
