#! FIELDS phi psi file.free der_phi der_psi
#! SET min_phi -pi
#! SET max_phi pi
#! SET nbins_phi  14
#! SET periodic_phi true
#! SET min_psi -pi
#! SET max_psi pi
#! SET nbins_psi  8
#! SET periodic_psi true
   -3.141592654   -3.141592654  108.010197617   38.205980725  -19.420979368
   -2.692793703   -3.141592654  134.961167686   33.212700764  -11.328227803
   -2.243994753   -3.141592654  158.045938448   31.755367899   -6.442632423
   -1.795195802   -3.141592654  151.335532955  -16.530773931   -5.593569359
   -1.346396852   -3.141592654  107.363436318   -5.152136363  -10.064760817
   -0.897597901   -3.141592654   89.309582543  -15.679815705  -19.850477975
   -0.448798951   -3.141592654   67.530311913  -27.567027252  -29.574107622
    0.000000000   -3.141592654  125.145116772   15.224091648  -21.465120393
    0.448798951   -3.141592654  131.435369275    6.839747901  -26.348277206
    0.897597901   -3.141592654  130.780668288  -10.678782310  -28.648081468
    1.346396852   -3.141592654  125.692104373  -11.225245102  -28.215959975
    1.795195802   -3.141592654  115.458470814  -14.457081955  -25.833696464
    2.243994753   -3.141592654   33.356904260   31.201156498  -40.175440452
    2.692793703   -3.141592654   78.502697804   46.103417654  -30.617129178

   -3.141592654   -2.356194490   95.078874276   51.578976995  -12.543051733
   -2.692793703   -2.356194490  128.137897024   42.268994788   -6.482351217
   -2.243994753   -2.356194490  154.367759236   36.048216964   -2.719772129
   -1.795195802   -2.356194490  148.253783939  -24.718796229   -2.317004376
   -1.346396852   -2.356194490  101.978932439  -18.523096302   -3.423821896
   -0.897597901   -2.356194490   76.138565913  -31.932842832  -12.825156754
   -0.448798951   -2.356194490   45.691982291  -44.696012359  -24.056530288
    0.000000000   -2.356194490  108.584527550    7.128040459  -20.704254504
    0.448798951   -2.356194490  111.891022206    2.181794559  -22.842948320
    0.897597901   -2.356194490  110.523489326   -9.716928373  -21.915189287
    1.346396852   -2.356194490  106.845880070   -5.984682705  -18.457837538
    1.795195802   -2.356194490   99.352999513   -5.586445519  -13.584826146
    2.243994753   -2.356194490    7.537390334   49.463743885  -22.937206632
    2.692793703   -2.356194490   58.130946830   62.540478303  -19.338453283

   -3.141592654   -1.570796327   90.006236756   55.511887372   -1.318098832
   -2.692793703   -1.570796327  125.736392969   42.540087907    0.365756481
   -2.243994753   -1.570796327  154.744020183   34.371953107    2.469695200
   -1.795195802   -1.570796327  148.457712596  -33.981257182    2.517003383
   -1.346396852   -1.570796327  103.358378677  -32.455886134    4.820236309
   -0.897597901   -1.570796327   70.789004740  -45.760097896   -1.513581856
   -0.448798951   -1.570796327   32.197255265  -55.779169592   -9.763261560
    0.000000000   -1.570796327   94.002802266    5.004625210  -12.840899206
    0.448798951   -1.570796327   97.043359034    3.854359409  -12.125714352
    0.897597901   -1.570796327   97.876819753   -1.997601682   -8.694596472
    1.346396852   -1.570796327   98.245337383    4.170631672   -3.594239331
    1.795195802   -1.570796327   95.651352084    5.734654622    2.178153250
    2.243994753   -1.570796327    0.000000000   62.533121227    0.471335200
    2.692793703   -1.570796327   50.198155701   70.419101840   -2.311127756

   -3.141592654   -0.785398163  108.911598719   50.446955202    4.800879183
   -2.692793703   -0.785398163  142.921846522   35.428366703    2.991062749
   -2.243994753   -0.785398163  171.109639123   26.691511795    2.485869996
   -1.795195802   -0.785398163  165.807004586  -41.014229303    2.516467948
   -1.346396852   -0.785398163  127.266924327  -44.200356116    5.044692448
   -0.897597901   -0.785398163   91.316710834  -54.764803033    4.411284435
   -0.448798951   -0.785398163   47.945065906  -59.227945227    2.550273212
    0.000000000   -0.785398163  100.453081923    4.129441484   -1.990345478
    0.448798951   -0.785398163  103.785544301    7.644717270    0.708542463
    0.897597901   -0.785398163  108.101934889    8.797266945    4.226170022
    1.346396852   -0.785398163  113.752836439   16.458795724    7.555840202
    1.795195802   -0.785398163  117.503125026   18.036695043   10.430252032
    2.243994753   -0.785398163   29.480283560   67.834078494   13.814613506
    2.692793703   -0.785398163   71.981522500   68.322015133    8.409952853

   -3.141592654    0.000000000   97.132940750   43.926397834  -13.554276381
   -2.692793703    0.000000000  130.366157597   31.344991132  -15.822713446
   -2.243994753    0.000000000  158.798564481   25.774532289  -16.577254521
   -1.795195802    0.000000000  152.707882396  -39.177680964  -18.081086499
   -1.346396852    0.000000000  111.485414463  -37.957131763  -21.676827735
   -0.897597901    0.000000000   77.435136209  -46.561160034  -16.282479796
   -0.448798951    0.000000000   35.586433362  -50.198715870  -10.820760574
    0.000000000    0.000000000   90.657129061   12.867659017   -7.248952110
    0.448798951    0.000000000   97.547489343   13.831517928   -2.331475803
    0.897597901    0.000000000  103.545120148    9.988590399   -0.928611691
    1.346396852    0.000000000  108.942858072   14.253454172   -2.784104854
    1.795195802    0.000000000  110.993014618   11.966461849   -7.190436232
    2.243994753    0.000000000   19.957162698   59.320921243   -8.962928298
    2.692793703    0.000000000   62.179056034   61.138728145   -9.426487912

   -3.141592654    0.785398163   90.252332065   35.022317514   -0.485457115
   -2.692793703    0.785398163  120.900037286   26.738135409   -5.028292446
   -2.243994753    0.785398163  148.014635911   25.330793093   -7.936350719
   -1.795195802    0.785398163  140.690022533  -32.273493616   -9.188505546
   -1.346396852    0.785398163   97.057840496  -24.563426014  -10.717035620
   -0.897597901    0.785398163   68.607329493  -31.370044117   -1.985425442
   -0.448798951    0.785398163   32.924720956  -35.450376952    7.923466625
    0.000000000    0.785398163   90.351821199   22.406721684    8.873167873
    0.448798951    0.785398163  100.665196804   18.753781005   12.575215894
    0.897597901    0.785398163  107.053368474    7.256910483   12.368395211
    1.346396852    0.785398163  110.161252312    6.936842096    8.839164377
    1.795195802    0.785398163  107.905915118    0.413742277    2.956371198
    2.243994753    0.785398163   17.378320943   44.139421895    7.396757387
    2.692793703    0.785398163   59.127684537   49.527824833    5.532402950

   -3.141592654    1.570796327  100.776527159   20.339650229   11.721811618
   -2.692793703    1.570796327  125.191216683   18.205004566    6.891185518
   -2.243994753    1.570796327  147.954062081   22.111571147    3.048299739
   -1.795195802    1.570796327  139.823097989  -20.611001260    2.611640147
   -1.346396852    1.570796327   97.493044955   -5.655781160    3.409904136
   -0.897597901    1.570796327   78.547543096   -9.394968715   12.311604905
   -0.448798951    1.570796327   54.041223057  -13.479921125   22.873376734
    0.000000000    1.570796327  108.739751457   32.207248167   21.169398289
    0.448798951    1.570796327  122.444296290   23.301781453   22.229419570
    0.897597901    1.570796327  128.864200493    3.470999136   20.302102089
    1.346396852    1.570796327  128.929289736   -2.669049676   16.227165770
    1.795195802    1.570796327  121.542847108  -13.890079728   10.885073771
    2.243994753    1.570796327   40.635792205   20.837228790   19.317115139
    2.692793703    1.570796327   77.431876963   30.001488731   17.153954870

   -3.141592654    2.356194490  124.217386988   16.175929454    5.919062641
   -2.692793703    2.356194490  144.020050481   17.125287478    6.831782929
   -2.243994753    2.356194490  162.635752361   22.046227016    6.409953061
   -1.795195802    2.356194490  154.804286312  -10.414508224    6.997272204
   -1.346396852    2.356194490  115.707375055    6.751771041    6.483418550
   -0.897597901    2.356194490  105.138236483    2.292079461    7.949454226
   -0.448798951    2.356194490   89.978194754   -4.182358076   10.296579888
    0.000000000    2.356194490  139.880634213   29.690025415   11.650795649
    0.448798951    2.356194490  151.966564215   18.184150771    7.829717300
    0.897597901    2.356194490  155.111887373   -4.621899931    3.834048831
    1.346396852    2.356194490  151.362720810  -11.419121004    0.756085814
    1.795195802    2.356194490  140.315003781  -21.866545155   -1.288927507
    2.243994753    2.356194490   71.082325052    8.854023698   -0.698994238
    2.692793703    2.356194490  105.615387336   21.965155890    3.350039308
