#! FIELDS phi psi file.free der_phi der_psi
#! SET min_phi -pi
#! SET max_phi pi
#! SET nbins_phi  14
#! SET periodic_phi true
#! SET min_psi -pi
#! SET max_psi pi
#! SET nbins_psi  8
#! SET periodic_psi true
   -3.141592654   -3.141592654   78.731782554   16.779445954  -15.545975650
   -2.692793703   -3.141592654   97.432180513   17.971277379   -9.058563024
   -2.243994753   -3.141592654  115.061338569   22.951912393   -5.244756068
   -1.795195802   -3.141592654  108.485652997   -7.407062627   -4.456018363
   -1.346396852   -3.141592654   70.066274077   10.301259677   -7.894477673
   -0.897597901   -3.141592654   60.356114332    5.936628828  -16.114998654
   -0.448798951   -3.141592654   48.520646418   -2.340358992  -23.903996543
    0.000000000   -3.141592654   97.958745076   28.342583116  -17.305070243
    0.448798951   -3.141592654  108.739141483   16.219596083  -21.360046992
    0.897597901   -3.141592654  111.028174517   -7.281492483  -23.069380633
    1.346396852   -3.141592654  105.886626478  -14.852294457  -22.614436669
    1.795195802   -3.141592654   93.626469521  -24.514926041  -20.658626011
    2.243994753   -3.141592654   25.670827196    6.092806404  -32.216625557
    2.692793703   -3.141592654   59.925416774   20.384543330  -24.677440246

   -3.141592654   -2.356194490   68.401340516   27.373183018   -9.983829639
   -2.692793703   -2.356194490   92.134472933   25.030891299   -4.977284815
   -2.243994753   -2.356194490  112.189360075   26.045362646   -1.923038362
   -1.795195802   -2.356194490  106.155474876  -14.509869660   -1.600699018
   -1.346396852   -2.356194490   66.117277615   -1.155740549   -2.051782776
   -0.897597901   -2.356194490   49.659533719   -7.611468700  -10.452686455
   -0.448798951   -2.356194490   30.450995589  -16.244860847  -20.414761828
    0.000000000   -2.356194490   84.173046291   21.962603679  -18.012515970
    0.448798951   -2.356194490   92.513739288   12.798438234  -19.631641575
    0.897597901   -2.356194490   94.488280147   -5.827239979  -18.307893240
    1.346396852   -2.356194490   90.778374135  -10.014430014  -14.819996929
    1.795195802   -2.356194490   80.969555042  -16.856667155  -10.241519634
    2.243994753   -2.356194490    5.163900172   21.210756755  -17.755548612
    2.692793703   -2.356194490   43.534626194   33.523938085  -15.431713778

   -3.141592654   -1.570796327   64.526760305   30.048980280   -0.690975783
   -2.692793703   -1.570796327   90.441734952   24.387692066    0.743352108
   -2.243994753   -1.570796327  112.942353606   23.792803308    2.672684601
   -1.795195802   -1.570796327  106.670546688  -23.337578542    2.640876784
   -1.346396852   -1.570796327   68.096612913  -14.274164354    5.066394698
   -0.897597901   -1.570796327   45.355204957  -20.271353145   -1.070945523
   -0.448798951   -1.570796327   18.591001378  -25.895409436   -9.019600924
    0.000000000   -1.570796327   70.813374740   20.623976138  -12.266554678
    0.448798951   -1.570796327   79.111993601   15.041868017  -11.460148985
    0.897597901   -1.570796327   83.477073507    2.144157837   -7.923048408
    1.346396852   -1.570796327   83.838282371   -0.002836912   -2.792527859
    1.795195802   -1.570796327   78.780361294   -6.030661176    2.886639456
    2.243994753   -1.570796327    0.000000000   32.921642239    1.637673005
    2.692793703   -1.570796327   37.419610469   39.932692972   -1.377122146

   -3.141592654   -0.785398163   81.529088266   27.091889176    4.088360967
   -2.692793703   -0.785398163  106.530350471   18.754397962    2.580414473
   -2.243994753   -0.785398163  128.735175873   16.915626429    2.271398101
   -1.795195802   -0.785398163  123.356474400  -31.369689973    2.266791006
   -1.346396852   -0.785398163   90.756734432  -27.636082527    4.575620574
   -0.897597901   -0.785398163   63.767162533  -31.508692981    3.616762330
   -0.448798951   -0.785398163   31.251541024  -31.875557199    1.393581097
    0.000000000   -0.785398163   75.045831539   18.470237893   -2.825350808
    0.448798951   -0.785398163   83.158494995   17.931238273   -0.302328455
    0.897597901   -0.785398163   90.734670303   12.660357901    3.113796470
    1.346396852   -0.785398163   96.413024482   12.714725878    6.456874157
    1.795195802   -0.785398163   97.868100484    7.360710498    9.392003094
    2.243994753   -0.785398163   25.364677944   40.809421185   12.277729153
    2.692793703   -0.785398163   56.238713945   40.406609644    7.299968259

   -3.141592654    0.000000000   71.158205311   19.027449150  -12.786307216
   -2.692793703    0.000000000   94.790046066   13.580895215  -15.387017345
   -2.243994753    0.000000000  116.850740946   15.380516292  -16.352248052
   -1.795195802    0.000000000  110.722688798  -28.835942132  -17.774695089
   -1.346396852    0.000000000   75.854886238  -20.243744980  -21.104521768
   -0.897597901    0.000000000   51.383581584  -21.708195854  -15.322822604
   -0.448798951    0.000000000   21.115186900  -21.002735915   -9.456464329
    0.000000000    0.000000000   66.845863843   28.147158441   -6.292829111
    0.448798951    0.000000000   78.856966671   24.786255613   -1.150167545
    0.897597901    0.000000000   88.320056751   14.076087400    0.355787104
    1.346396852    0.000000000   93.730496910   10.221019346   -1.531027911
    1.795195802    0.000000000   93.338377804    0.534795784   -5.995558395
    2.243994753    0.000000000   18.842914666   30.440881873   -7.215189871
    2.692793703    0.000000000   48.618338251   31.354560837   -8.211992796

   -3.141592654    0.785398163   64.087698480   10.284371343   -1.747272059
   -2.692793703    0.785398163   85.201589039    9.109943757   -5.779842284
   -2.243994753    0.785398163  105.998538528   15.067078263   -8.337176315
   -1.795195802    0.785398163   98.713554634  -21.894113716   -9.486652094
   -1.346396852    0.785398163   61.434114004   -6.867532715  -11.296816805
   -0.897597901    0.785398163   42.547078047   -6.571803384   -3.006194278
   -0.448798951    0.785398163   18.362805384   -6.393648231    6.286784614
    0.000000000    0.785398163   66.442189207   37.572631884    7.636384070
    0.448798951    0.785398163   81.882918555   29.616014596   11.122287422
    0.897597901    0.785398163   91.696424471   11.262514270   10.710656679
    1.346396852    0.785398163   94.787403298    2.857918919    7.142031230
    1.795195802    0.785398163   90.136359800  -11.044120113    1.427395644
    2.243994753    0.785398163   16.007445566   15.326951937    4.955675916
    2.692793703    0.785398163   45.305320506   19.895254991    3.631323417

   -3.141592654    1.570796327   72.506160622   -2.174259011    9.063952702
   -2.692793703    1.570796327   88.250806889    2.187188464    5.327621763
   -2.243994753    1.570796327  105.279554196   12.845580367    2.220875602
   -1.795195802    1.570796327   97.277128428  -11.037630248    1.871360834
   -1.346396852    1.570796327   60.775945884   10.566040376    1.991397255
   -0.897597901    1.570796327   50.590085356   13.301607539    9.857346819
   -0.448798951    1.570796327   36.541598072   13.025688177   19.096739293
    0.000000000    1.570796327   82.647588745   45.990790811   18.381138086
    0.448798951    1.570796327  101.068106059   33.161509960   18.902223349
    0.897597901    1.570796327  110.584090607    7.049679320   16.562910214
    1.346396852    1.570796327  110.598192047   -6.468836271   12.454686133
    1.795195802    1.570796327  101.066250033  -24.437636655    7.425191615
    2.243994753    1.570796327   35.046056835   -5.530001157   13.940384421
    2.692793703    1.570796327   60.404490144    2.983347837   13.097998251

   -3.141592654    2.356194490   91.332748460   -1.385511204    4.458301343
   -2.692793703    2.356194490  104.378831371    4.655075602    5.976446067
   -2.243994753    2.356194490  118.536629048   14.895059713    5.958787154
   -1.795195802    2.356194490  110.895158008   -2.828324600    6.569172738
   -1.346396852    2.356194490   76.390188456   19.518548022    5.665821891
   -0.897597901    2.356194490   72.707952167   20.119382672    6.541705676
   -0.448798951    2.356194490   65.692153379   16.546488087    8.152470971
    0.000000000    2.356194490  108.821119768   40.427127451   10.084790701
    0.448798951    2.356194490  124.627739148   25.849375207    5.948545260
    0.897597901    2.356194490  130.167330383   -1.895158069    1.729983548
    1.346396852    2.356194490  126.344026636  -14.467344332   -1.356660014
    1.795195802    2.356194490  113.664833682  -30.213067197   -3.232229138
    2.243994753    2.356194490   55.991953760  -11.848433079   -3.704387921
    2.692793703    2.356194490   81.510376484    0.843087482    1.110424254
